DIM 3
BH_DATA
0 0 0
EVOLUTION_DATA
0 0.0549 -0.1552 0
3.1557e+07 0.0549 -0.1552 0
6.31139e+07 0.0550479 -0.155092 -3.5613e-18
9.46709e+07 0.0551956 -0.154983 -7.12259e-18
1.26228e+08 0.0553431 -0.154874 -7.12259e-18
1.57785e+08 0.0554905 -0.154765 0
1.89342e+08 0.0556377 -0.154655 -7.12259e-18
2.20899e+08 0.0557848 -0.154544 -7.12259e-18
2.52456e+08 0.0559317 -0.154434 -1.06839e-17
2.84013e+08 0.0560785 -0.154322 -1.06839e-17
3.1557e+08 0.056225 -0.154211 -1.78065e-17
3.47126e+08 0.0563715 -0.154098 -1.78065e-17
3.78683e+08 0.0565177 -0.153986 -2.13678e-17
4.1024e+08 0.0566638 -0.153873 -2.84904e-17
4.41797e+08 0.0568098 -0.153759 -2.84904e-17
4.73354e+08 0.0569556 -0.153645 -2.49291e-17
5.04911e+08 0.0571012 -0.153531 -2.84904e-17
5.36468e+08 0.0572466 -0.153416 -1.78065e-17
5.68025e+08 0.0573919 -0.153301 -2.49291e-17
5.99582e+08 0.057537 -0.153185 -2.49291e-17
6.31139e+08 0.057682 -0.153069 -2.84904e-17
6.62696e+08 0.0578268 -0.152953 -2.84904e-17
6.94253e+08 0.0579714 -0.152836 -1.78065e-17
7.2581e+08 0.0581158 -0.152718 -1.06839e-17
7.57367e+08 0.0582601 -0.1526 -2.13678e-17
7.88924e+08 0.0584042 -0.152482 -1.42452e-17
8.20481e+08 0.0585482 -0.152363 -1.78065e-17
8.52038e+08 0.0586919 -0.152244 -1.06839e-17
8.83595e+08 0.0588355 -0.152124 -1.42452e-17
9.15152e+08 0.058979 -0.152004 -1.42452e-17
9.46709e+08 0.0591222 -0.151883 -2.13678e-17
9.78266e+08 0.0592653 -0.151762 -2.49291e-17
1.00982e+09 0.0594082 -0.151641 -2.49291e-17
1.04138e+09 0.0595509 -0.151519 -2.13678e-17
1.07294e+09 0.0596935 -0.151397 -2.13678e-17
1.10449e+09 0.0598359 -0.151274 -2.13678e-17
1.13605e+09 0.0599781 -0.151151 -2.13678e-17
1.16761e+09 0.0601201 -0.151027 -1.78065e-17
1.19916e+09 0.0602619 -0.150903 -1.78065e-17
1.23072e+09 0.0604036 -0.150778 -7.12259e-18
1.26228e+09 0.0605451 -0.150653 3.5613e-18
1.29384e+09 0.0606864 -0.150528 3.5613e-18
1.32539e+09 0.0608275 -0.150402 3.5613e-18
1.35695e+09 0.0609685 -0.150275 0
1.38851e+09 0.0611093 -0.150148 0
1.42006e+09 0.0612499 -0.150021 3.5613e-18
1.45162e+09 0.0613903 -0.149893 7.12259e-18
1.48318e+09 0.0615305 -0.149765 1.06839e-17
1.51473e+09 0.0616705 -0.149637 3.5613e-18
1.54629e+09 0.0618104 -0.149508 0
1.57785e+09 0.0619501 -0.149378 7.12259e-18
1.6094e+09 0.0620895 -0.149248 3.5613e-18
1.64096e+09 0.0622288 -0.149118 1.06839e-17
1.67252e+09 0.062368 -0.148987 1.06839e-17
1.70408e+09 0.0625069 -0.148856 0
1.73563e+09 0.0626456 -0.148724 7.12259e-18
1.76719e+09 0.0627842 -0.148592 3.5613e-18
1.79875e+09 0.0629225 -0.148459 7.12259e-18
1.8303e+09 0.0630607 -0.148326 7.12259e-18
1.86186e+09 0.0631987 -0.148192 -3.5613e-18
1.89342e+09 0.0633364 -0.148058 3.5613e-18
1.92497e+09 0.063474 -0.147924 0
1.95653e+09 0.0636114 -0.147789 1.06839e-17
1.98809e+09 0.0637486 -0.147654 7.12259e-18
2.01964e+09 0.0638856 -0.147518 1.42452e-17
2.0512e+09 0.0640224 -0.147382 1.42452e-17
2.08276e+09 0.0641591 -0.147245 1.42452e-17
2.11432e+09 0.0642955 -0.147108 1.06839e-17
2.14587e+09 0.0644317 -0.14697 3.5613e-18
2.17743e+09 0.0645677 -0.146832 -7.12259e-18
2.20899e+09 0.0647036 -0.146694 3.5613e-18
2.24054e+09 0.0648392 -0.146555 1.42452e-17
2.2721e+09 0.0649746 -0.146415 7.12259e-18
2.30366e+09 0.0651099 -0.146275 7.12259e-18
2.33521e+09 0.0652449 -0.146135 1.06839e-17
2.36677e+09 0.0653797 -0.145994 3.5613e-18
2.39833e+09 0.0655143 -0.145853 1.06839e-17
2.42989e+09 0.0656488 -0.145712 0
2.46144e+09 0.065783 -0.145569 -3.5613e-18
2.493e+09 0.065917 -0.145427 0
2.52456e+09 0.0660508 -0.145284 -7.12259e-18
2.55611e+09 0.0661844 -0.14514 -7.12259e-18
2.58767e+09 0.0663178 -0.144996 -3.5613e-18
2.61923e+09 0.066451 -0.144852 -1.06839e-17
2.65078e+09 0.0665839 -0.144707 0
2.68234e+09 0.0667167 -0.144562 -7.12259e-18
2.7139e+09 0.0668493 -0.144416 -1.42452e-17
2.74545e+09 0.0669816 -0.14427 -7.12259e-18
2.77701e+09 0.0671138 -0.144123 -1.06839e-17
2.80857e+09 0.0672457 -0.143976 -1.06839e-17
2.84013e+09 0.0673774 -0.143829 0
2.87168e+09 0.0675089 -0.143681 -7.12259e-18
2.90324e+09 0.0676402 -0.143532 -1.06839e-17
2.9348e+09 0.0677713 -0.143383 -7.12259e-18
2.96635e+09 0.0679021 -0.143234 -3.5613e-18
2.99791e+09 0.0680328 -0.143084 0
3.02947e+09 0.0681632 -0.142934 3.5613e-18
3.06102e+09 0.0682934 -0.142783 0
3.09258e+09 0.0684234 -0.142632 0
3.12414e+09 0.0685531 -0.14248 3.5613e-18
3.1557e+09 0.0686827 -0.142328 0
3.18725e+09 0.068812 -0.142175 -1.06839e-17
3.21881e+09 0.0689411 -0.142022 -1.42452e-17
3.25037e+09 0.06907 -0.141869 -3.5613e-18
3.28192e+09 0.0691987 -0.141715 -1.06839e-17
3.31348e+09 0.0693271 -0.14156 -1.42452e-17
3.34504e+09 0.0694553 -0.141406 -1.06839e-17
3.37659e+09 0.0695833 -0.14125 -1.78065e-17
3.40815e+09 0.069711 -0.141094 -3.5613e-18
3.43971e+09 0.0698386 -0.140938 -7.12259e-18
3.47126e+09 0.0699659 -0.140782 -3.5613e-18
3.50282e+09 0.070093 -0.140624 -1.06839e-17
3.53438e+09 0.0702198 -0.140467 -3.5613e-18
3.56594e+09 0.0703464 -0.140309 -1.78065e-17
3.59749e+09 0.0704728 -0.14015 -7.12259e-18
3.62905e+09 0.070599 -0.139991 0
3.66061e+09 0.0707249 -0.139832 -3.5613e-18
3.69216e+09 0.0708506 -0.139672 0
3.72372e+09 0.070976 -0.139511 -1.06839e-17
3.75528e+09 0.0711013 -0.13935 -7.12259e-18
3.78683e+09 0.0712262 -0.139189 -3.5613e-18
3.81839e+09 0.071351 -0.139027 7.12259e-18
3.84995e+09 0.0714755 -0.138865 0
3.88151e+09 0.0715998 -0.138702 3.5613e-18
3.91306e+09 0.0717238 -0.138539 0
3.94462e+09 0.0718476 -0.138376 -7.12259e-18
3.97618e+09 0.0719712 -0.138212 -7.12259e-18
4.00773e+09 0.0720945 -0.138047 -1.78065e-17
4.03929e+09 0.0722176 -0.137882 -7.12259e-18
4.07085e+09 0.0723404 -0.137716 -7.12259e-18
4.1024e+09 0.072463 -0.137551 -1.78065e-17
4.13396e+09 0.0725853 -0.137384 -1.60258e-17
4.16552e+09 0.0727074 -0.137217 -1.95871e-17
4.19707e+09 0.0728293 -0.13705 -1.24645e-17
4.22863e+09 0.0729509 -0.136882 -1.42452e-17
4.26019e+09 0.0730722 -0.136714 -1.42452e-17
4.29175e+09 0.0731933 -0.136545 -1.06839e-17
4.3233e+09 0.0733142 -0.136376 -1.42452e-17
4.35486e+09 0.0734348 -0.136206 -3.5613e-18
4.38642e+09 0.0735551 -0.136036 -7.12259e-18
4.41797e+09 0.0736752 -0.135866 -5.34194e-18
4.44953e+09 0.0737951 -0.135694 -1.24645e-17
4.48109e+09 0.0739147 -0.135523 -8.90324e-18
4.51264e+09 0.074034 -0.135351 -7.12259e-18
4.5442e+09 0.0741531 -0.135178 -1.78065e-18
4.57576e+09 0.0742719 -0.135006 -8.90324e-18
4.60731e+09 0.0743905 -0.134832 -1.06839e-17
4.63887e+09 0.0745088 -0.134658 -1.78065e-18
4.67043e+09 0.0746269 -0.134484 -3.5613e-18
4.70199e+09 0.0747447 -0.134309 1.78065e-18
4.73354e+09 0.0748622 -0.134134 5.34194e-18
4.7651e+09 0.0749795 -0.133958 1.78065e-18
4.79666e+09 0.0750965 -0.133782 3.5613e-18
4.82821e+09 0.0752132 -0.133605 -1.78065e-18
4.85977e+09 0.0753297 -0.133428 -1.78065e-18
4.89133e+09 0.0754459 -0.13325 -7.12259e-18
4.92288e+09 0.0755618 -0.133072 -1.78065e-18
4.95444e+09 0.0756775 -0.132894 0
4.986e+09 0.0757929 -0.132715 8.90324e-18
5.01756e+09 0.0759081 -0.132535 1.78065e-18
5.04911e+09 0.0760229 -0.132355 5.34194e-18
5.08067e+09 0.0761375 -0.132175 1.24645e-17
5.11223e+09 0.0762519 -0.131994 5.34194e-18
5.14378e+09 0.0763659 -0.131812 3.5613e-18
5.17534e+09 0.0764797 -0.131631 1.06839e-17
5.2069e+09 0.0765932 -0.131448 1.78065e-18
5.23845e+09 0.0767064 -0.131265 -1.78065e-18
5.27001e+09 0.0768194 -0.131082 1.78065e-18
5.30157e+09 0.0769321 -0.130898 -1.78065e-18
5.33312e+09 0.0770445 -0.130714 7.12259e-18
5.36468e+09 0.0771566 -0.130529 1.24645e-17
5.39624e+09 0.0772684 -0.130344 1.24645e-17
5.4278e+09 0.07738 -0.130158 8.90324e-18
5.45935e+09 0.0774912 -0.129972 1.78065e-17
5.49091e+09 0.0776022 -0.129786 1.78065e-18
5.52247e+09 0.0777129 -0.129599 1.60258e-17
5.55402e+09 0.0778233 -0.129411 8.90324e-18
5.58558e+09 0.0779335 -0.129223 3.5613e-18
5.61714e+09 0.0780433 -0.129034 8.90324e-18
5.64869e+09 0.0781529 -0.128845 7.12259e-18
5.68025e+09 0.0782621 -0.128656 8.90324e-18
5.71181e+09 0.0783711 -0.128466 1.06839e-17
5.74337e+09 0.0784798 -0.128276 1.78065e-17
5.77492e+09 0.0785882 -0.128085 2.13678e-17
5.80648e+09 0.0786963 -0.127893 2.84904e-17
5.83804e+09 0.0788041 -0.127701 2.67097e-17
5.86959e+09 0.0789116 -0.127509 2.67097e-17
5.90115e+09 0.0790188 -0.127316 3.38323e-17
5.93271e+09 0.0791257 -0.127123 3.5613e-17
5.96426e+09 0.0792323 -0.126929 2.84904e-17
5.99582e+09 0.0793386 -0.126735 2.84904e-17
6.02738e+09 0.0794446 -0.12654 2.84904e-17
6.05893e+09 0.0795503 -0.126345 3.0271e-17
6.09049e+09 0.0796557 -0.126149 3.0271e-17
6.12205e+09 0.0797608 -0.125953 3.0271e-17
6.15361e+09 0.0798656 -0.125756 2.67097e-17
6.18516e+09 0.0799701 -0.125559 2.49291e-17
6.21672e+09 0.0800743 -0.125361 1.95871e-17
6.24828e+09 0.0801782 -0.125163 2.67097e-17
6.27983e+09 0.0802818 -0.124965 1.78065e-17
6.31139e+09 0.080385 -0.124766 2.84904e-17
6.34295e+09 0.0804879 -0.124566 1.95871e-17
6.3745e+09 0.0805906 -0.124366 1.60258e-17
6.40606e+09 0.0806929 -0.124165 1.78065e-17
6.43762e+09 0.0807949 -0.123964 3.5613e-17
6.46918e+09 0.0808966 -0.123763 2.84904e-17
6.50073e+09 0.0809979 -0.123561 2.49291e-17
6.53229e+09 0.081099 -0.123358 1.24645e-17
6.56385e+09 0.0811997 -0.123155 2.84904e-17
6.5954e+09 0.0813001 -0.122952 2.13678e-17
6.62696e+09 0.0814002 -0.122748 2.58194e-17
6.65852e+09 0.0815 -0.122544 2.13678e-17
6.69007e+09 0.0815994 -0.122339 2.58194e-17
6.72163e+09 0.0816985 -0.122133 3.0271e-17
6.75319e+09 0.0817973 -0.121927 1.78065e-17
6.78474e+09 0.0818957 -0.121721 1.33549e-17
6.8163e+09 0.0819939 -0.121514 8.01292e-18
6.84786e+09 0.0820917 -0.121307 7.12259e-18
6.87942e+09 0.0821891 -0.121099 8.01292e-18
6.91097e+09 0.0822863 -0.120891 6.23227e-18
6.94253e+09 0.0823831 -0.120682 9.79356e-18
6.97409e+09 0.0824795 -0.120472 1.33549e-17
7.00564e+09 0.0825757 -0.120263 1.60258e-17
7.0372e+09 0.0826715 -0.120052 1.42452e-17
7.06876e+09 0.0827669 -0.119841 1.33549e-17
7.10031e+09 0.082862 -0.11963 8.90324e-18
7.13187e+09 0.0829568 -0.119418 8.01292e-18
7.16343e+09 0.0830512 -0.119206 1.15742e-17
7.19499e+09 0.0831453 -0.118993 1.24645e-17
7.22654e+09 0.083239 -0.11878 8.01292e-18
7.2581e+09 0.0833324 -0.118566 1.24645e-17
7.28966e+09 0.0834255 -0.118352 6.23227e-18
7.32121e+09 0.0835182 -0.118137 5.34194e-18
7.35277e+09 0.0836105 -0.117922 8.01292e-18
7.38433e+09 0.0837025 -0.117706 -1.78065e-18
7.41588e+09 0.0837942 -0.11749 5.34194e-18
7.44744e+09 0.0838855 -0.117273 -2.67097e-18
7.479e+09 0.0839764 -0.117056 -4.45162e-18
7.51055e+09 0.084067 -0.116838 -2.67097e-18
7.54211e+09 0.0841572 -0.11662 -4.45162e-18
7.57367e+09 0.0842471 -0.116401 -5.34194e-18
7.60523e+09 0.0843366 -0.116182 -5.34194e-18
7.63678e+09 0.0844257 -0.115963 2.67097e-18
7.66834e+09 0.0845145 -0.115742 8.90324e-19
7.6999e+09 0.0846029 -0.115522 -1.24645e-17
7.73145e+09 0.084691 -0.1153 -1.33549e-17
7.76301e+09 0.0847787 -0.115079 -1.24645e-17
7.79457e+09 0.084866 -0.114857 -2.67097e-18
7.82612e+09 0.0849529 -0.114634 -3.5613e-18
7.85768e+09 0.0850395 -0.114411 -1.29097e-17
7.88924e+09 0.0851257 -0.114187 -1.02387e-17
7.92079e+09 0.0852115 -0.113963 -1.29097e-17
7.95235e+09 0.085297 -0.113738 -1.38e-17
7.98391e+09 0.0853821 -0.113513 -1.29097e-17
8.01547e+09 0.0854668 -0.113287 -1.29097e-17
8.04702e+09 0.0855511 -0.113061 -7.12259e-18
8.07858e+09 0.085635 -0.112834 -1.82516e-17
8.11014e+09 0.0857186 -0.112607 -1.42452e-17
8.14169e+09 0.0858018 -0.112379 -1.95871e-17
8.17325e+09 0.0858846 -0.112151 -2.09226e-17
8.20481e+09 0.085967 -0.111922 -2.80452e-17
8.23636e+09 0.086049 -0.111693 -1.86968e-17
8.26792e+09 0.0861306 -0.111463 -1.38e-17
8.29948e+09 0.0862118 -0.111233 -2.04775e-17
8.33104e+09 0.0862927 -0.111002 -1.51355e-17
8.36259e+09 0.0863731 -0.110771 -7.12259e-18
8.39415e+09 0.0864532 -0.110539 -1.69162e-17
8.42571e+09 0.0865328 -0.110307 -1.51355e-17
8.45726e+09 0.0866121 -0.110074 -2.40387e-17
8.48882e+09 0.0866909 -0.109841 -2.6042e-17
8.52038e+09 0.0867694 -0.109607 -2.31484e-17
8.55193e+09 0.0868475 -0.109373 -2.42613e-17
8.58349e+09 0.0869251 -0.109138 -1.58033e-17
8.61505e+09 0.0870023 -0.108903 -2.13678e-17
8.6466e+09 0.0870792 -0.108667 -2.18129e-17
8.67816e+09 0.0871556 -0.10843 -2.51517e-17
8.70972e+09 0.0872316 -0.108193 -2.02549e-17
8.74128e+09 0.0873072 -0.107956 -1.80291e-17
8.77283e+09 0.0873824 -0.107718 -2.07e-17
8.80439e+09 0.0874572 -0.10748 -2.08113e-17
8.83595e+09 0.0875316 -0.107241 -1.94758e-17
8.8675e+09 0.0876055 -0.107001 -2.24807e-17
8.89906e+09 0.087679 -0.106762 -1.54694e-17
8.93062e+09 0.0877521 -0.106521 -8.68066e-18
8.96217e+09 0.0878248 -0.10628 -1.64153e-17
8.99373e+09 0.087897 -0.106039 -1.31323e-17
9.02529e+09 0.0879689 -0.105797 -1.19359e-17
9.05685e+09 0.0880403 -0.105554 -1.52746e-17
9.0884e+09 0.0881112 -0.105311 -1.95697e-17
9.11996e+09 0.0881818 -0.105068 -1.78899e-17
9.15152e+09 0.0882519 -0.104823 -2.29815e-17
9.18307e+09 0.0883215 -0.104579 -1.94202e-17
9.21463e+09 0.0883907 -0.104334 -1.71944e-17
9.24619e+09 0.0884595 -0.104088 -1.9142e-17
9.27774e+09 0.0885279 -0.103842 -1.9142e-17
9.3093e+09 0.0885958 -0.103595 -1.36887e-17
9.34086e+09 0.0886633 -0.103348 -1.95871e-17
9.37241e+09 0.0887303 -0.103101 -2.48178e-17
9.40397e+09 0.0887968 -0.102852 -1.95871e-17
9.43553e+09 0.088863 -0.102604 -2.09226e-17
9.46709e+09 0.0889286 -0.102354 -1.2242e-17
9.49864e+09 0.0889939 -0.102105 -9.79356e-18
9.5302e+09 0.0890586 -0.101854 -1.58033e-17
9.56176e+09 0.0891229 -0.101604 -1.44678e-17
9.59331e+09 0.0891868 -0.101352 -9.79356e-18
9.62487e+09 0.0892502 -0.1011 -1.31323e-17
9.65643e+09 0.0893131 -0.100848 -8.2355e-18
9.68798e+09 0.0893756 -0.100595 -1.73613e-17
9.71954e+09 0.0894376 -0.100342 -1.33549e-17
9.7511e+09 0.0894991 -0.100088 -8.45808e-18
9.78266e+09 0.0895602 -0.0998333 -9.3484e-18
9.81421e+09 0.0896208 -0.0995783 -1.73613e-17
9.84577e+09 0.0896809 -0.0993228 -4.89678e-18
9.87733e+09 0.0897405 -0.0990667 -1.73613e-17
9.90888e+09 0.0897997 -0.0988102 -1.51355e-17
9.94044e+09 0.0898584 -0.0985531 -9.79356e-18
9.972e+09 0.0899166 -0.0982954 -9.3484e-18
1.00036e+10 0.0899743 -0.0980373 -1.1129e-17
1.00351e+10 0.0900316 -0.0977786 -1.60258e-17
1.00667e+10 0.0900883 -0.0975194 -1.78065e-17
1.00982e+10 0.0901446 -0.0972597 -2.31484e-17
1.01298e+10 0.0902004 -0.0969994 -2.09226e-17
1.01613e+10 0.0902557 -0.0967386 -2.27033e-17
1.01929e+10 0.0903104 -0.0964773 -2.27033e-17
1.02245e+10 0.0903647 -0.0962154 -2.80452e-17
1.0256e+10 0.0904185 -0.095953 -2.04775e-17
1.02876e+10 0.0904718 -0.0956901 -2.00323e-17
1.03191e+10 0.0905246 -0.0954267 -1.6471e-17
1.03507e+10 0.0905769 -0.0951627 -1.42452e-17
1.03822e+10 0.0906287 -0.0948982 -2.58194e-17
1.04138e+10 0.09068 -0.0946331 -2.76e-17
1.04454e+10 0.0907307 -0.0943676 -3.20517e-17
1.04769e+10 0.090781 -0.0941014 -2.84904e-17
1.05085e+10 0.0908307 -0.0938348 -1.78065e-17
1.054e+10 0.09088 -0.0935676 -1.60258e-17
1.05716e+10 0.0909287 -0.0932999 -2.22581e-17
1.06031e+10 0.0909768 -0.0930317 -1.95871e-17
1.06347e+10 0.0910245 -0.0927629 -1.86968e-17
1.06662e+10 0.0910716 -0.0924936 -2.76e-17
1.06978e+10 0.0911182 -0.0922237 -2.76e-17
1.07294e+10 0.0911643 -0.0919533 -1.51355e-17
1.07609e+10 0.0912098 -0.0916824 -2.58194e-17
1.07925e+10 0.0912548 -0.0914109 -1.86968e-17
1.0824e+10 0.0912993 -0.0911389 -1.60258e-17
1.08556e+10 0.0913432 -0.0908664 -1.15742e-17
1.08871e+10 0.0913866 -0.0905933 -1.33549e-17
1.09187e+10 0.0914294 -0.0903196 -1.42452e-17
1.09503e+10 0.0914717 -0.0900455 -2.22581e-17
1.09818e+10 0.0915135 -0.0897708 -2.13678e-17
1.10134e+10 0.0915547 -0.0894955 -1.69162e-17
1.10449e+10 0.0915953 -0.0892197 -1.51355e-17
1.10765e+10 0.0916354 -0.0889434 -2.84904e-17
1.1108e+10 0.0916749 -0.0886666 -1.86968e-17
1.11396e+10 0.0917139 -0.0883891 -2.49291e-17
1.11712e+10 0.0917523 -0.0881112 -1.86968e-17
1.12027e+10 0.0917901 -0.0878327 -1.15742e-17
1.12343e+10 0.0918274 -0.0875537 -1.51355e-17
1.12658e+10 0.0918641 -0.0872741 -8.90324e-18
1.12974e+10 0.0919002 -0.0869939 -8.90324e-18
1.13289e+10 0.0919358 -0.0867133 -1.06839e-17
1.13605e+10 0.0919708 -0.0864321 -1.69162e-17
1.13921e+10 0.0920051 -0.0861503 -1.95871e-17
1.14236e+10 0.092039 -0.085868 -1.33549e-17
1.14552e+10 0.0920722 -0.0855851 -6.23227e-18
1.14867e+10 0.0921048 -0.0853017 -9.79356e-18
1.15183e+10 0.0921369 -0.0850178 -8.90324e-18
1.15498e+10 0.0921683 -0.0847333 4.45162e-18
1.15814e+10 0.0921992 -0.0844483 -5.34194e-18
1.1613e+10 0.0922294 -0.0841627 -5.34194e-18
1.16445e+10 0.0922591 -0.0838765 -8.90324e-18
1.16761e+10 0.0922882 -0.0835898 -1.24645e-17
1.17076e+10 0.0923166 -0.0833026 -8.90324e-18
1.17392e+10 0.0923445 -0.0830148 -1.60258e-17
1.17707e+10 0.0923717 -0.0827265 -1.42452e-17
1.18023e+10 0.0923983 -0.0824376 -5.34194e-18
1.18339e+10 0.0924243 -0.0821482 -8.90324e-18
1.18654e+10 0.0924497 -0.0818582 -5.34194e-18
1.1897e+10 0.0924744 -0.0815676 -3.5613e-18
1.19285e+10 0.0924986 -0.0812766 -3.5613e-18
1.19601e+10 0.0925221 -0.0809849 -7.12259e-18
1.19916e+10 0.0925449 -0.0806927 -3.5613e-18
1.20232e+10 0.0925672 -0.0804 -3.5613e-18
1.20548e+10 0.0925888 -0.0801067 -8.90324e-18
1.20863e+10 0.0926097 -0.0798128 -8.90324e-18
1.21179e+10 0.09263 -0.0795184 -1.78065e-18
1.21494e+10 0.0926497 -0.0792234 0
1.2181e+10 0.0926687 -0.0789279 1.78065e-18
1.22125e+10 0.0926871 -0.0786318 -1.78065e-18
1.22441e+10 0.0927048 -0.0783352 1.78065e-18
1.22757e+10 0.0927219 -0.078038 -5.34194e-18
1.23072e+10 0.0927383 -0.0777403 -5.34194e-18
1.23388e+10 0.092754 -0.077442 -3.5613e-18
1.23703e+10 0.0927691 -0.0771431 -3.5613e-18
1.24019e+10 0.0927835 -0.0768437 -1.78065e-18
1.24334e+10 0.0927972 -0.0765438 3.5613e-18
1.2465e+10 0.0928102 -0.0762432 0
1.24966e+10 0.0928226 -0.0759422 0
1.25281e+10 0.0928343 -0.0756405 -7.12259e-18
1.25597e+10 0.0928453 -0.0753383 -7.12259e-18
1.25912e+10 0.0928556 -0.0750356 -7.12259e-18
1.26228e+10 0.0928652 -0.0747322 -8.90324e-18
1.26543e+10 0.0928741 -0.0744284 -8.90324e-18
1.26859e+10 0.0928823 -0.0741239 -5.34194e-18
1.27175e+10 0.0928899 -0.0738189 -1.24645e-17
1.2749e+10 0.0928967 -0.0735134 -1.42452e-17
1.27806e+10 0.0929028 -0.0732072 -1.95871e-17
1.28121e+10 0.0929082 -0.0729006 -1.60258e-17
1.28437e+10 0.0929129 -0.0725933 -1.95871e-17
1.28752e+10 0.0929168 -0.0722855 -2.49291e-17
1.29068e+10 0.0929201 -0.0719771 -1.78065e-17
1.29384e+10 0.0929226 -0.0716682 -2.49291e-17
1.29699e+10 0.0929244 -0.0713587 -1.95871e-17
1.30015e+10 0.0929254 -0.0710487 -1.95871e-17
1.3033e+10 0.0929257 -0.0707381 -2.13678e-17
1.30646e+10 0.0929253 -0.0704269 -1.95871e-17
1.30961e+10 0.0929241 -0.0701151 -1.24645e-17
1.31277e+10 0.0929222 -0.0698028 -1.24645e-17
1.31592e+10 0.0929195 -0.0694899 -1.24645e-17
1.31908e+10 0.0929161 -0.0691765 -8.90324e-18
1.32224e+10 0.0929119 -0.0688625 -8.90324e-18
1.32539e+10 0.092907 -0.0685479 -8.90324e-18
1.32855e+10 0.0929013 -0.0682328 -1.06839e-17
1.3317e+10 0.0928948 -0.0679171 -1.42452e-17
1.33486e+10 0.0928876 -0.0676009 -7.12259e-18
1.33801e+10 0.0928795 -0.067284 -7.12259e-18
1.34117e+10 0.0928707 -0.0669666 -1.42452e-17
1.34433e+10 0.0928611 -0.0666487 -1.06839e-17
1.34748e+10 0.0928508 -0.0663302 -1.60258e-17
1.35064e+10 0.0928396 -0.0660111 -1.42452e-17
1.35379e+10 0.0928276 -0.0656914 -2.13678e-17
1.35695e+10 0.0928148 -0.0653712 -2.13678e-17
1.3601e+10 0.0928013 -0.0650504 -2.67097e-17
1.36326e+10 0.0927869 -0.0647291 -1.95871e-17
1.36642e+10 0.0927717 -0.0644071 -1.06839e-17
1.36957e+10 0.0927557 -0.0640846 -1.78065e-17
1.37273e+10 0.0927388 -0.0637616 -1.24645e-17
1.37588e+10 0.0927212 -0.063438 -1.42452e-17
1.37904e+10 0.0927027 -0.0631138 -1.60258e-17
1.38219e+10 0.0926834 -0.062789 -1.24645e-17
1.38535e+10 0.0926632 -0.0624637 -1.42452e-17
1.38851e+10 0.0926422 -0.0621378 -7.12259e-18
1.39166e+10 0.0926204 -0.0618113 -8.90324e-18
1.39482e+10 0.0925977 -0.0614843 -1.24645e-17
1.39797e+10 0.0925741 -0.0611567 -7.12259e-18
1.40113e+10 0.0925497 -0.0608285 -8.90324e-18
1.40428e+10 0.0925244 -0.0604998 -8.90324e-18
1.40744e+10 0.0924983 -0.0601705 -1.06839e-17
1.4106e+10 0.0924712 -0.0598406 -1.78065e-18
1.41375e+10 0.0924433 -0.0595102 -8.90324e-18
1.41691e+10 0.0924146 -0.0591792 -7.12259e-18
1.42006e+10 0.0923849 -0.0588476 -1.78065e-17
1.42322e+10 0.0923543 -0.0585155 -1.78065e-17
1.42637e+10 0.0923229 -0.0581827 -1.06839e-17
1.42953e+10 0.0922905 -0.0578495 -1.06839e-17
1.43269e+10 0.0922572 -0.0575156 -1.42452e-17
1.43584e+10 0.0922231 -0.0571812 -1.42452e-17
1.439e+10 0.092188 -0.0568462 -1.42452e-17
1.44215e+10 0.092152 -0.0565107 -1.78065e-17
1.44531e+10 0.092115 -0.0561746 -1.78065e-17
1.44846e+10 0.0920772 -0.0558379 -1.06839e-17
1.45162e+10 0.0920384 -0.0555006 -1.78065e-17
1.45478e+10 0.0919986 -0.0551628 -1.06839e-17
1.45793e+10 0.0919579 -0.0548244 -1.42452e-17
1.46109e+10 0.0919163 -0.0544855 -1.06839e-17
1.46424e+10 0.0918737 -0.054146 -1.42452e-17
1.4674e+10 0.0918302 -0.0538059 -1.78065e-17
1.47055e+10 0.0917856 -0.0534652 -1.78065e-17
1.47371e+10 0.0917402 -0.053124 -2.13678e-17
1.47687e+10 0.0916937 -0.0527822 -1.78065e-17
1.48002e+10 0.0916462 -0.0524399 -1.78065e-17
1.48318e+10 0.0915978 -0.052097 -2.49291e-17
1.48633e+10 0.0915484 -0.0517535 -2.49291e-17
1.48949e+10 0.0914979 -0.0514094 -2.49291e-17
1.49264e+10 0.0914465 -0.0510648 -2.49291e-17
1.4958e+10 0.0913941 -0.0507197 -1.42452e-17
1.49896e+10 0.0913406 -0.0503739 -1.06839e-17
1.50211e+10 0.0912861 -0.0500276 -1.78065e-17
1.50527e+10 0.0912306 -0.0496808 -1.78065e-17
1.50842e+10 0.0911741 -0.0493334 -1.42452e-17
1.51158e+10 0.0911165 -0.0489854 -1.42452e-17
1.51473e+10 0.0910579 -0.0486368 -2.13678e-17
1.51789e+10 0.0909982 -0.0482877 -2.84904e-17
1.52105e+10 0.0909375 -0.0479381 -2.84904e-17
1.5242e+10 0.0908757 -0.0475879 -2.84904e-17
1.52736e+10 0.0908129 -0.0472371 -2.49291e-17
1.53051e+10 0.090749 -0.0468857 -2.13678e-17
1.53367e+10 0.0906839 -0.0465338 -2.49291e-17
1.53682e+10 0.0906179 -0.0461814 -2.49291e-17
1.53998e+10 0.0905507 -0.0458284 -2.49291e-17
1.54313e+10 0.0904824 -0.0454748 -2.13678e-17
1.54629e+10 0.090413 -0.0451207 -2.13678e-17
1.54945e+10 0.0903425 -0.044766 -2.49291e-17
1.5526e+10 0.0902709 -0.0444108 -1.78065e-17
1.55576e+10 0.0901981 -0.044055 -1.78065e-17
1.55891e+10 0.0901243 -0.0436986 -1.78065e-17
1.56207e+10 0.0900492 -0.0433417 -1.78065e-17
1.56522e+10 0.0899731 -0.0429843 -2.13678e-17
1.56838e+10 0.0898958 -0.0426263 -1.42452e-17
1.57154e+10 0.0898173 -0.0422678 -1.78065e-17
1.57469e+10 0.0897377 -0.0419087 -1.42452e-17
1.57785e+10 0.0896569 -0.0415491 -1.06839e-17
1.581e+10 0.0895749 -0.0411889 -7.12259e-18
1.58416e+10 0.0894917 -0.0408281 -1.78065e-17
1.58731e+10 0.0894074 -0.0404669 -7.12259e-18
1.59047e+10 0.0893218 -0.0401051 -1.06839e-17
1.59363e+10 0.0892351 -0.0397427 -1.78065e-17
1.59678e+10 0.0891471 -0.0393798 -1.78065e-17
1.59994e+10 0.0890579 -0.0390164 -1.42452e-17
1.60309e+10 0.0889675 -0.0386524 -1.06839e-17
1.60625e+10 0.0888758 -0.0382879 -1.06839e-17
1.6094e+10 0.0887829 -0.0379228 -1.06839e-17
1.61256e+10 0.0886887 -0.0375573 -1.42452e-17
1.61572e+10 0.0885933 -0.0371911 -1.06839e-17
1.61887e+10 0.0884966 -0.0368245 -1.42452e-17
1.62203e+10 0.0883986 -0.0364573 -7.12259e-18
1.62518e+10 0.0882994 -0.0360896 -7.12259e-18
1.62834e+10 0.0881989 -0.0357214 -1.06839e-17
1.63149e+10 0.088097 -0.0353526 -7.12259e-18
1.63465e+10 0.0879939 -0.0349833 -1.42452e-17
1.63781e+10 0.0878894 -0.0346135 -1.42452e-17
1.64096e+10 0.0877837 -0.0342432 -1.42452e-17
1.64412e+10 0.0876766 -0.0338724 -1.06839e-17
1.64727e+10 0.0875681 -0.033501 -1.06839e-17
1.65043e+10 0.0874583 -0.0331291 -1.42452e-17
1.65358e+10 0.0873472 -0.0327567 -1.42452e-17
1.65674e+10 0.0872347 -0.0323838 -1.78065e-17
1.6599e+10 0.0871208 -0.0320104 -1.42452e-17
1.66305e+10 0.0870055 -0.0316365 -2.13678e-17
1.66621e+10 0.0868888 -0.0312621 -2.13678e-17
1.66936e+10 0.0867708 -0.0308871 -1.42452e-17
1.67252e+10 0.0866513 -0.0305117 -2.13678e-17
1.67567e+10 0.0865304 -0.0301358 -2.13678e-17
1.67883e+10 0.0864081 -0.0297593 -2.13678e-17
1.68199e+10 0.0862844 -0.0293824 -2.13678e-17
1.68514e+10 0.0861592 -0.029005 -2.49291e-17
1.6883e+10 0.0860325 -0.0286271 -2.13678e-17
1.69145e+10 0.0859044 -0.0282487 -2.13678e-17
1.69461e+10 0.0857748 -0.0278698 -2.84904e-17
1.69776e+10 0.0856438 -0.0274905 -2.49291e-17
1.70092e+10 0.0855112 -0.0271106 -2.84904e-17
1.70408e+10 0.0853771 -0.0267303 -2.84904e-17
1.70723e+10 0.0852416 -0.0263495 -2.84904e-17
1.71039e+10 0.0851045 -0.0259683 -3.20517e-17
1.71354e+10 0.0849658 -0.0255865 -2.49291e-17
1.7167e+10 0.0848257 -0.0252043 -2.49291e-17
1.71985e+10 0.0846839 -0.0248217 -2.13678e-17
1.72301e+10 0.0845406 -0.0244386 -2.13678e-17
1.72617e+10 0.0843958 -0.024055 -2.13678e-17
1.72932e+10 0.0842493 -0.023671 -1.78065e-17
1.73248e+10 0.0841013 -0.0232865 -1.78065e-17
1.73563e+10 0.0839516 -0.0229016 -1.78065e-17
1.73879e+10 0.0838004 -0.0225163 -2.13678e-17
1.74194e+10 0.0836475 -0.0221305 -2.13678e-17
1.7451e+10 0.083493 -0.0217443 -2.13678e-17
1.74826e+10 0.0833368 -0.0213576 -1.78065e-17
1.75141e+10 0.083179 -0.0209706 -1.78065e-17
1.75457e+10 0.0830195 -0.0205831 -2.49291e-17
1.75772e+10 0.0828583 -0.0201951 -1.78065e-17
1.76088e+10 0.0826954 -0.0198068 -1.78065e-17
1.76403e+10 0.0825308 -0.0194181 -2.49291e-17
1.76719e+10 0.0823645 -0.0190289 -2.49291e-17
1.77035e+10 0.0821965 -0.0186394 -2.13678e-17
1.7735e+10 0.0820267 -0.0182495 -2.13678e-17
1.77666e+10 0.0818551 -0.0178592 -1.78065e-17
1.77981e+10 0.0816818 -0.0174684 -2.13678e-17
1.78297e+10 0.0815068 -0.0170774 -2.13678e-17
1.78612e+10 0.0813299 -0.0166859 -2.49291e-17
1.78928e+10 0.0811512 -0.0162941 -2.13678e-17
1.79243e+10 0.0809708 -0.0159019 -1.78065e-17
1.79559e+10 0.0807885 -0.0155093 -1.78065e-17
1.79875e+10 0.0806043 -0.0151164 -1.78065e-17
1.8019e+10 0.0804183 -0.0147231 -1.78065e-17
1.80506e+10 0.0802304 -0.0143295 -1.42452e-17
1.80821e+10 0.0800407 -0.0139356 -1.42452e-17
1.81137e+10 0.079849 -0.0135413 -1.78065e-17
1.81452e+10 0.0796555 -0.0131468 -2.13678e-17
1.81768e+10 0.07946 -0.0127518 -1.78065e-17
1.82084e+10 0.0792626 -0.0123566 -2.13678e-17
1.82399e+10 0.0790633 -0.0119611 -1.78065e-17
1.82715e+10 0.078862 -0.0115653 -2.13678e-17
1.8303e+10 0.0786587 -0.0111692 -1.06839e-17
1.83346e+10 0.0784534 -0.0107728 -2.13678e-17
1.83661e+10 0.0782461 -0.0103761 -2.13678e-17
1.83977e+10 0.0780368 -0.00997921 -2.13678e-17
1.84293e+10 0.0778255 -0.00958202 -2.13678e-17
1.84608e+10 0.0776121 -0.00918458 -1.78065e-17
1.84924e+10 0.0773967 -0.00878689 -2.49291e-17
1.85239e+10 0.0771791 -0.00838897 -2.13678e-17
1.85555e+10 0.0769595 -0.00799082 -1.78065e-17
1.8587e+10 0.0767378 -0.00759245 -1.78065e-17
1.86186e+10 0.076514 -0.00719387 -3.20517e-17
1.86502e+10 0.076288 -0.00679509 -2.84904e-17
1.86817e+10 0.0760599 -0.00639612 -2.84904e-17
1.87133e+10 0.0758296 -0.00599697 -3.20517e-17
1.87448e+10 0.0755971 -0.00559764 -2.84904e-17
1.87764e+10 0.0753624 -0.00519815 -3.20517e-17
1.88079e+10 0.0751255 -0.00479851 -3.20517e-17
1.88395e+10 0.0748863 -0.00439872 -3.20517e-17
1.88711e+10 0.0746449 -0.0039988 -3.20517e-17
1.89026e+10 0.0744013 -0.00359876 -2.84904e-17
1.89342e+10 0.0741554 -0.00319862 -3.20517e-17
1.89657e+10 0.0739071 -0.00279837 -3.20517e-17
1.89973e+10 0.0736566 -0.00239803 -2.84904e-17
1.90288e+10 0.0734037 -0.00199762 -2.84904e-17
1.90604e+10 0.0731484 -0.00159714 -3.5613e-17
1.9092e+10 0.0728908 -0.00119661 -3.5613e-17
1.91235e+10 0.0726308 -0.000796047 -3.5613e-17
1.91551e+10 0.0723684 -0.000395453 -3.5613e-17
1.91866e+10 0.0721036 5.1535e-06 -3.91743e-17
1.92182e+10 0.0718363 0.00040576 -4.27356e-17
1.92497e+10 0.0715666 0.000806353 -3.91743e-17
1.92813e+10 0.0712944 0.00120692 -4.62968e-17
1.93129e+10 0.0710197 0.00160744 -4.27356e-17
1.93444e+10 0.0707425 0.00200791 -3.91743e-17
1.9376e+10 0.0704628 0.0024083 -4.62968e-17
1.94075e+10 0.0701805 0.00280861 -4.27356e-17
1.94391e+10 0.0698957 0.00320881 -3.91743e-17
1.94706e+10 0.0696082 0.0036089 -4.27356e-17
1.95022e+10 0.0693182 0.00400885 -4.62968e-17
1.95338e+10 0.0690255 0.00440864 -4.27356e-17
1.95653e+10 0.0687302 0.00480827 -3.91743e-17
1.95969e+10 0.0684322 0.00520771 -4.62968e-17
1.96284e+10 0.0681315 0.00560695 -4.27356e-17
1.966e+10 0.0678281 0.00600597 -4.27356e-17
1.96915e+10 0.067522 0.00640474 -3.91743e-17
1.97231e+10 0.0672132 0.00680326 -4.62968e-17
1.97547e+10 0.0669016 0.00720149 -4.27356e-17
1.97862e+10 0.0665872 0.00759943 -4.62968e-17
1.98178e+10 0.06627 0.00799704 -4.27356e-17
1.98493e+10 0.0659499 0.00839431 -4.98581e-17
1.98809e+10 0.0656271 0.00879122 -4.98581e-17
1.99124e+10 0.0653013 0.00918775 -4.98581e-17
1.9944e+10 0.0649727 0.00958387 -4.62968e-17
1.99756e+10 0.0646412 0.00997956 -4.62968e-17
2.00071e+10 0.0643067 0.0103748 -4.98581e-17
2.00387e+10 0.0639693 0.0107696 -4.62968e-17
2.00702e+10 0.0636289 0.0111638 -4.98581e-17
2.01018e+10 0.0632855 0.0115576 -4.62968e-17
2.01333e+10 0.0629391 0.0119507 -4.62968e-17
2.01649e+10 0.0625897 0.0123434 -4.27356e-17
2.01964e+10 0.0622372 0.0127354 -4.27356e-17
2.0228e+10 0.0618816 0.0131267 -4.62968e-17
2.02596e+10 0.0615229 0.0135175 -4.98581e-17
2.02911e+10 0.0611611 0.0139075 -4.98581e-17
2.03227e+10 0.0607962 0.0142968 -4.62968e-17
2.03542e+10 0.0604281 0.0146854 -4.62968e-17
2.03858e+10 0.0600568 0.0150732 -5.34194e-17
2.04173e+10 0.0596823 0.0154602 -4.62968e-17
2.04489e+10 0.0593045 0.0158463 -4.98581e-17
2.04805e+10 0.0589236 0.0162316 -4.27356e-17
2.0512e+10 0.0585393 0.016616 -4.62968e-17
2.05436e+10 0.0581517 0.0169995 -4.62968e-17
2.05751e+10 0.0577609 0.0173819 -3.91743e-17
2.06067e+10 0.0573667 0.0177634 -4.62968e-17
2.06382e+10 0.0569691 0.0181439 -4.27356e-17
2.06698e+10 0.0565682 0.0185232 -4.62968e-17
2.07014e+10 0.0561638 0.0189015 -4.62968e-17
2.07329e+10 0.055756 0.0192786 -4.62968e-17
2.07645e+10 0.0553448 0.0196545 -4.98581e-17
2.0796e+10 0.0549301 0.0200291 -4.62968e-17
2.08276e+10 0.054512 0.0204025 -4.62968e-17
2.08591e+10 0.0540903 0.0207746 -4.62968e-17
2.08907e+10 0.0536651 0.0211454 -4.98581e-17
2.09223e+10 0.0532363 0.0215147 -4.98581e-17
2.09538e+10 0.052804 0.0218826 -4.98581e-17
2.09854e+10 0.0523681 0.022249 -4.98581e-17
2.10169e+10 0.0519286 0.0226139 -4.98581e-17
2.10485e+10 0.0514855 0.0229772 -5.34194e-17
2.108e+10 0.0510387 0.0233389 -4.98581e-17
2.11116e+10 0.0505883 0.0236989 -4.98581e-17
2.11432e+10 0.0501341 0.0240571 -4.98581e-17
2.11747e+10 0.0496763 0.0244136 -4.98581e-17
2.12063e+10 0.0492148 0.0247683 -5.69807e-17
2.12378e+10 0.0487495 0.0251211 -5.34194e-17
2.12694e+10 0.0482805 0.025472 -5.34194e-17
2.13009e+10 0.0478077 0.0258208 -5.69807e-17
2.13325e+10 0.0473312 0.0261677 -5.34194e-17
2.13641e+10 0.0468508 0.0265124 -5.34194e-17
2.13956e+10 0.0463667 0.026855 -4.98581e-17
2.14272e+10 0.0458787 0.0271954 -4.98581e-17
2.14587e+10 0.0453869 0.0275335 -5.69807e-17
2.14903e+10 0.0448912 0.0278692 -5.69807e-17
2.15218e+10 0.0443917 0.0282026 -5.69807e-17
2.15534e+10 0.0438883 0.0285335 -4.98581e-17
2.1585e+10 0.043381 0.0288619 -5.34194e-17
2.16165e+10 0.0428698 0.0291877 -4.98581e-17
2.16481e+10 0.0423548 0.0295108 -5.69807e-17
2.16796e+10 0.0418358 0.0298312 -5.69807e-17
2.17112e+10 0.0413129 0.0301488 -5.69807e-17
2.17427e+10 0.0407861 0.0304636 -5.34194e-17
2.17743e+10 0.0402554 0.0307755 -5.69807e-17
2.18059e+10 0.0397207 0.0310843 -5.34194e-17
2.18374e+10 0.0391822 0.0313901 -5.34194e-17
2.1869e+10 0.0386397 0.0316927 -5.34194e-17
2.19005e+10 0.0380932 0.0319921 -5.69807e-17
2.19321e+10 0.0375429 0.0322882 -5.34194e-17
2.19636e+10 0.0369886 0.0325809 -5.34194e-17
2.19952e+10 0.0364304 0.0328702 -5.34194e-17
2.20268e+10 0.0358683 0.033156 -5.34194e-17
2.20583e+10 0.0353023 0.0334381 -5.69807e-17
2.20899e+10 0.0347324 0.0337166 -5.34194e-17
2.21214e+10 0.0341586 0.0339913 -5.69807e-17
2.2153e+10 0.033581 0.0342621 -6.0542e-17
2.21845e+10 0.0329994 0.034529 -6.0542e-17
2.22161e+10 0.0324141 0.0347919 -5.69807e-17
2.22477e+10 0.0318249 0.0350506 -4.98581e-17
2.22792e+10 0.0312319 0.0353052 -5.69807e-17
2.23108e+10 0.0306352 0.0355555 -5.34194e-17
2.23423e+10 0.0300346 0.0358015 -5.69807e-17
2.23739e+10 0.0294304 0.036043 -5.69807e-17
2.24054e+10 0.0288224 0.0362799 -5.69807e-17
2.2437e+10 0.0282108 0.0365123 -5.69807e-17
2.24685e+10 0.0275955 0.0367399 -5.34194e-17
2.25001e+10 0.0269766 0.0369627 -5.34194e-17
2.25317e+10 0.0263542 0.0371806 -5.69807e-17
2.25632e+10 0.0257282 0.0373936 -6.0542e-17
2.25948e+10 0.0250987 0.0376014 -5.69807e-17
2.26263e+10 0.0244658 0.0378042 -5.34194e-17
2.26579e+10 0.0238295 0.0380016 -5.34194e-17
2.26894e+10 0.0231898 0.0381937 -5.34194e-17
2.2721e+10 0.0225468 0.0383804 -5.69807e-17
2.27526e+10 0.0219006 0.0385616 -5.34194e-17
2.27841e+10 0.0212512 0.0387371 -5.34194e-17
2.28157e+10 0.0205987 0.038907 -4.98581e-17
2.28472e+10 0.0199431 0.0390711 -4.98581e-17
2.28788e+10 0.0192845 0.0392293 -5.34194e-17
2.29103e+10 0.018623 0.0393815 -4.98581e-17
2.29419e+10 0.0179586 0.0395277 -5.34194e-17
2.29735e+10 0.0172915 0.0396678 -4.98581e-17
2.3005e+10 0.0166216 0.0398017 -5.34194e-17
2.30366e+10 0.0159492 0.0399293 -4.98581e-17
2.30681e+10 0.0152741 0.0400505 -4.62968e-17
2.30997e+10 0.0145966 0.0401652 -4.62968e-17
2.31312e+10 0.0139168 0.0402735 -4.62968e-17
2.31628e+10 0.0132346 0.0403751 -4.62968e-17
2.31944e+10 0.0125503 0.0404701 -4.62968e-17
2.32259e+10 0.0118639 0.0405583 -4.62968e-17
2.32575e+10 0.0111755 0.0406397 -4.98581e-17
2.3289e+10 0.0104852 0.0407142 -4.98581e-17
2.33206e+10 0.00979307 0.0407817 -4.62968e-17
2.33521e+10 0.00909929 0.0408423 -4.62968e-17
2.33837e+10 0.00840393 0.0408957 -4.62968e-17
2.34153e+10 0.00770711 0.0409421 -4.27356e-17
2.34468e+10 0.00700894 0.0409812 -4.27356e-17
2.34784e+10 0.00630953 0.0410132 -4.45162e-17
2.35099e+10 0.005609 0.0410378 -4.27356e-17
2.35415e+10 0.00490746 0.0410552 -4.27356e-17
2.3573e+10 0.00420505 0.0410651 -4.80775e-17
2.36046e+10 0.00350188 0.0410677 -4.45162e-17
2.36362e+10 0.00279807 0.0410628 -4.45162e-17
2.36677e+10 0.00209376 0.0410504 -4.09549e-17
2.36993e+10 0.00138906 0.0410306 -4.45162e-17
2.37308e+10 0.000684111 0.0410032 -4.62968e-17
2.37624e+10 -2.09666e-05 0.0409683 -4.45162e-17
2.37939e+10 -0.00072604 0.0409258 -4.27356e-17
2.38255e+10 -0.00143098 0.0408758 -4.09549e-17
2.38571e+10 -0.00213565 0.0408182 -4.45162e-17
2.38886e+10 -0.00283993 0.040753 -4.09549e-17
2.39202e+10 -0.00354368 0.0406802 -3.5613e-17
2.39517e+10 -0.00424677 0.0405998 -4.09549e-17
2.39833e+10 -0.00494907 0.0405119 -3.73936e-17
2.40148e+10 -0.00565044 0.0404164 -3.91743e-17
2.40464e+10 -0.00635076 0.0403134 -3.73936e-17
2.4078e+10 -0.00704989 0.0402028 -3.73936e-17
2.41095e+10 -0.00774771 0.0400848 -3.73936e-17
2.41411e+10 -0.00844409 0.0399593 -3.5613e-17
2.41726e+10 -0.00913889 0.0398263 -3.38323e-17
2.42042e+10 -0.00983199 0.0396859 -3.38323e-17
2.42357e+10 -0.0105233 0.0395382 -3.38323e-17
2.42673e+10 -0.0112126 0.0393832 -3.38323e-17
2.42989e+10 -0.0118999 0.0392208 -3.0271e-17
2.43304e+10 -0.0125849 0.0390513 -2.93807e-17
2.4362e+10 -0.0132677 0.0388746 -2.58194e-17
2.43935e+10 -0.013948 0.0386907 -2.31484e-17
2.44251e+10 -0.0146258 0.0384998 -2.22581e-17
2.44566e+10 -0.0153009 0.038302 -1.95871e-17
2.44882e+10 -0.0159733 0.0380971 -2.04775e-17
2.45198e+10 -0.0166428 0.0378855 -1.78065e-17
2.45513e+10 -0.0173093 0.037667 -1.60258e-17
2.45829e+10 -0.0179727 0.0374419 -1.51355e-17
2.46144e+10 -0.018633 0.0372101 -1.06839e-17
2.4646e+10 -0.0192899 0.0369718 -9.79356e-18
2.46775e+10 -0.0199435 0.036727 -8.01292e-18
2.47091e+10 -0.0205937 0.0364758 -9.79356e-18
2.47407e+10 -0.0212402 0.0362183 -1.06839e-17
2.47722e+10 -0.0218832 0.0359547 -8.01292e-18
2.48038e+10 -0.0225224 0.0356849 -7.12259e-18
2.48353e+10 -0.0231578 0.0354091 -7.12259e-18
2.48669e+10 -0.0237893 0.0351273 -8.90324e-18
2.48984e+10 -0.0244169 0.0348397 -5.78711e-18
2.493e+10 -0.0250405 0.0345464 -8.01292e-18
2.49615e+10 -0.0256599 0.0342475 -7.56775e-18
2.49931e+10 -0.0262752 0.033943 -4.45162e-18
2.50247e+10 -0.0268863 0.033633 -4.28468e-18
2.50562e+10 -0.0274932 0.0333177 -6.64961e-18
2.50878e+10 -0.0280957 0.0329972 -4.84114e-18
2.51193e+10 -0.0286938 0.0326715 -5.00807e-18
2.51509e+10 -0.0292875 0.0323408 -5.11936e-18
2.51824e+10 -0.0298767 0.0320052 -4.45162e-18
2.5214e+10 -0.0304614 0.0316647 -3.78388e-18
2.52456e+10 -0.0310416 0.0313194 -5.56452e-18
2.52771e+10 -0.0316172 0.0309696 -2.22581e-18
2.53087e+10 -0.0321881 0.0306152 -2.67097e-18
2.53402e+10 -0.0327544 0.0302564 -1.78065e-18
2.53718e+10 -0.033316 0.0298932 -1.33549e-18
2.54033e+10 -0.0338729 0.0295259 1.78065e-18
2.54349e+10 -0.034425 0.0291544 1.78065e-18
2.54665e+10 -0.0349724 0.0287788 1.78065e-18
2.5498e+10 -0.035515 0.0283994 4.45162e-18
2.55296e+10 -0.0360529 0.0280161 3.5613e-18
2.55611e+10 -0.0365859 0.0276291 6.23227e-18
2.55927e+10 -0.0371141 0.0272384 7.12259e-18
2.56242e+10 -0.0376375 0.0268442 7.12259e-18
2.56558e+10 -0.0381561 0.0264465 3.5613e-18
2.56874e+10 -0.0386698 0.0260455 8.01292e-18
2.57189e+10 -0.0391786 0.0256413 6.23227e-18
2.57505e+10 -0.0396827 0.0252339 6.23227e-18
2.5782e+10 -0.0401819 0.0248234 6.23227e-18
2.58136e+10 -0.0406762 0.0244099 7.12259e-18
2.58451e+10 -0.0411658 0.0239935 6.23227e-18
2.58767e+10 -0.0416505 0.0235743 7.12259e-18
2.59083e+10 -0.0421303 0.0231523 1.06839e-17
2.59398e+10 -0.0426054 0.0227278 7.12259e-18
2.59714e+10 -0.0430757 0.0223006 1.24645e-17
2.60029e+10 -0.0435412 0.021871 1.06839e-17
2.60345e+10 -0.0440019 0.021439 8.90324e-18
2.6066e+10 -0.0444578 0.0210047 1.42452e-17
2.60976e+10 -0.044909 0.0205681 1.78065e-17
2.61292e+10 -0.0453555 0.0201294 1.60258e-17
2.61607e+10 -0.0457973 0.0196885 1.78065e-17
2.61923e+10 -0.0462344 0.0192457 1.78065e-17
2.62238e+10 -0.0466668 0.0188009 1.78065e-17
2.62554e+10 -0.0470946 0.0183542 1.78065e-17
2.62869e+10 -0.0475177 0.0179058 1.95871e-17
2.63185e+10 -0.0479363 0.0174556 1.78065e-17
2.63501e+10 -0.0483502 0.0170037 1.78065e-17
2.63816e+10 -0.0487596 0.0165503 1.95871e-17
2.64132e+10 -0.0491645 0.0160953 2.13678e-17
2.64447e+10 -0.0495649 0.0156388 2.31484e-17
2.64763e+10 -0.0499608 0.0151809 2.31484e-17
2.65078e+10 -0.0503522 0.0147216 2.49291e-17
2.65394e+10 -0.0507392 0.0142611 2.31484e-17
2.6571e+10 -0.0511218 0.0137993 2.67097e-17
2.66025e+10 -0.0515001 0.0133364 2.67097e-17
2.66341e+10 -0.051874 0.0128723 2.49291e-17
2.66656e+10 -0.0522436 0.0124072 2.84904e-17
2.66972e+10 -0.0526089 0.011941 2.31484e-17
2.67287e+10 -0.05297 0.0114739 2.13678e-17
2.67603e+10 -0.0533269 0.0110058 2.13678e-17
2.67919e+10 -0.0536795 0.0105369 2.49291e-17
2.68234e+10 -0.0540281 0.0100672 2.13678e-17
2.6855e+10 -0.0543724 0.00959673 2.49291e-17
2.68865e+10 -0.0547127 0.00912552 2.84904e-17
2.69181e+10 -0.0550489 0.00865363 2.84904e-17
2.69496e+10 -0.0553811 0.00818111 2.84904e-17
2.69812e+10 -0.0557093 0.00770799 3.20517e-17
2.70128e+10 -0.0560335 0.00723433 3.5613e-17
2.70443e+10 -0.0563538 0.00676015 3.20517e-17
2.70759e+10 -0.0566701 0.00628551 3.20517e-17
2.71074e+10 -0.0569826 0.00581044 2.84904e-17
2.7139e+10 -0.0572912 0.00533497 3.5613e-17
2.71705e+10 -0.0575961 0.00485915 3.20517e-17
2.72021e+10 -0.0578971 0.00438301 3.5613e-17
2.72336e+10 -0.0581944 0.00390659 3.20517e-17
2.72652e+10 -0.0584879 0.00342991 3.20517e-17
2.72968e+10 -0.0587778 0.00295302 3.5613e-17
2.73283e+10 -0.059064 0.00247595 3.91743e-17
2.73599e+10 -0.0593466 0.00199872 3.5613e-17
2.73914e+10 -0.0596256 0.00152138 3.5613e-17
2.7423e+10 -0.059901 0.00104394 3.20517e-17
2.74545e+10 -0.0601729 0.000566439 3.5613e-17
2.74861e+10 -0.0604413 8.89064e-05 3.91743e-17
2.75177e+10 -0.0607063 -0.000388631 3.5613e-17
2.75492e+10 -0.0609677 -0.000866146 3.5613e-17
2.75808e+10 -0.0612258 -0.00134361 3.20517e-17
2.76123e+10 -0.0614805 -0.00182101 3.91743e-17
2.76439e+10 -0.0617318 -0.0022983 3.5613e-17
2.76754e+10 -0.0619799 -0.00277547 3.20517e-17
2.7707e+10 -0.0622246 -0.00325249 3.5613e-17
2.77386e+10 -0.0624661 -0.00372934 3.91743e-17
2.77701e+10 -0.0627043 -0.004206 4.27356e-17
2.78017e+10 -0.0629393 -0.00468245 3.5613e-17
2.78332e+10 -0.0631712 -0.00515865 3.91743e-17
2.78648e+10 -0.0633999 -0.0056346 3.20517e-17
2.78963e+10 -0.0636254 -0.00611028 3.91743e-17
2.79279e+10 -0.0638479 -0.00658565 3.91743e-17
2.79595e+10 -0.0640674 -0.00706072 3.91743e-17
2.7991e+10 -0.0642838 -0.00753544 3.5613e-17
2.80226e+10 -0.0644972 -0.00800982 4.27356e-17
2.80541e+10 -0.0647076 -0.00848382 3.91743e-17
2.80857e+10 -0.064915 -0.00895744 4.27356e-17
2.81172e+10 -0.0651196 -0.00943065 3.91743e-17
2.81488e+10 -0.0653212 -0.00990344 3.5613e-17
2.81804e+10 -0.06552 -0.0103758 4.27356e-17
2.82119e+10 -0.0657159 -0.0108477 4.27356e-17
2.82435e+10 -0.065909 -0.0113191 4.27356e-17
2.8275e+10 -0.0660993 -0.0117901 4.27356e-17
2.83066e+10 -0.0662868 -0.0122606 4.62968e-17
2.83381e+10 -0.0664716 -0.0127305 4.27356e-17
2.83697e+10 -0.0666536 -0.0132 4.27356e-17
2.84013e+10 -0.066833 -0.0136689 4.62968e-17
2.84328e+10 -0.0670097 -0.0141372 4.98581e-17
2.84644e+10 -0.0671838 -0.014605 4.98581e-17
2.84959e+10 -0.0673552 -0.0150723 4.62968e-17
2.85275e+10 -0.067524 -0.0155389 4.62968e-17
2.8559e+10 -0.0676903 -0.016005 4.98581e-17
2.85906e+10 -0.067854 -0.0164704 4.62968e-17
2.86222e+10 -0.0680152 -0.0169353 4.98581e-17
2.86537e+10 -0.0681738 -0.0173995 4.98581e-17
2.86853e+10 -0.06833 -0.0178631 4.98581e-17
2.87168e+10 -0.0684837 -0.018326 4.98581e-17
2.87484e+10 -0.068635 -0.0187883 5.34194e-17
2.87799e+10 -0.0687839 -0.0192499 4.98581e-17
2.88115e+10 -0.0689304 -0.0197109 5.34194e-17
2.88431e+10 -0.0690745 -0.0201711 5.34194e-17
2.88746e+10 -0.0692163 -0.0206307 6.41033e-17
2.89062e+10 -0.0693557 -0.0210896 6.41033e-17
2.89377e+10 -0.0694928 -0.0215478 5.69807e-17
2.89693e+10 -0.0696276 -0.0220053 6.41033e-17
2.90008e+10 -0.0697602 -0.0224621 6.41033e-17
2.90324e+10 -0.0698905 -0.0229181 6.41033e-17
2.9064e+10 -0.0700186 -0.0233734 7.12259e-17
2.90955e+10 -0.0701445 -0.023828 7.12259e-17
2.91271e+10 -0.0702682 -0.0242818 7.12259e-17
2.91586e+10 -0.0703897 -0.0247349 7.12259e-17
2.91902e+10 -0.0705091 -0.0251873 6.41033e-17
2.92217e+10 -0.0706263 -0.0256388 6.41033e-17
2.92533e+10 -0.0707414 -0.0260896 6.41033e-17
2.92849e+10 -0.0708545 -0.0265396 7.12259e-17
2.93164e+10 -0.0709654 -0.0269889 7.12259e-17
2.9348e+10 -0.0710743 -0.0274374 7.12259e-17
2.93795e+10 -0.0711812 -0.027885 6.41033e-17
2.94111e+10 -0.071286 -0.0283319 7.83485e-17
2.94426e+10 -0.0713889 -0.028778 7.83485e-17
2.94742e+10 -0.0714897 -0.0292233 7.12259e-17
2.95058e+10 -0.0715886 -0.0296678 7.83485e-17
2.95373e+10 -0.0716856 -0.0301115 7.83485e-17
2.95689e+10 -0.0717806 -0.0305544 7.12259e-17
2.96004e+10 -0.0718737 -0.0309964 7.12259e-17
2.9632e+10 -0.0719648 -0.0314376 7.83485e-17
2.96635e+10 -0.0720541 -0.0318781 7.12259e-17
2.96951e+10 -0.0721416 -0.0323176 7.12259e-17
2.97266e+10 -0.0722271 -0.0327564 7.12259e-17
2.97582e+10 -0.0723109 -0.0331943 7.83485e-17
2.97898e+10 -0.0723928 -0.0336314 7.12259e-17
2.98213e+10 -0.0724729 -0.0340676 6.41033e-17
2.98529e+10 -0.0725513 -0.034503 6.41033e-17
2.98844e+10 -0.0726278 -0.0349376 7.12259e-17
2.9916e+10 -0.0727026 -0.0353713 7.12259e-17
2.99475e+10 -0.0727756 -0.0358042 7.12259e-17
2.99791e+10 -0.072847 -0.0362362 7.83485e-17
3.00107e+10 -0.0729166 -0.0366673 7.12259e-17
3.00422e+10 -0.0729845 -0.0370976 7.83485e-17
3.00738e+10 -0.0730507 -0.0375271 7.12259e-17
3.01053e+10 -0.0731152 -0.0379557 8.54711e-17
3.01369e+10 -0.0731781 -0.0383834 7.83485e-17
3.01684e+10 -0.0732393 -0.0388103 7.83485e-17
3.02e+10 -0.0732989 -0.0392363 7.83485e-17
3.02316e+10 -0.0733569 -0.0396614 7.83485e-17
3.02631e+10 -0.0734133 -0.0400857 7.83485e-17
3.02947e+10 -0.0734681 -0.0405091 8.54711e-17
3.03262e+10 -0.0735213 -0.0409316 7.83485e-17
3.03578e+10 -0.073573 -0.0413532 7.83485e-17
3.03893e+10 -0.0736231 -0.041774 8.54711e-17
3.04209e+10 -0.0736716 -0.0421939 8.54711e-17
3.04525e+10 -0.0737187 -0.042613 9.25937e-17
3.0484e+10 -0.0737642 -0.0430311 8.54711e-17
3.05156e+10 -0.0738082 -0.0434484 9.25937e-17
3.05471e+10 -0.0738507 -0.0438648 9.25937e-17
3.05787e+10 -0.0738917 -0.0442803 9.25937e-17
3.06102e+10 -0.0739313 -0.044695 9.25937e-17
3.06418e+10 -0.0739695 -0.0451088 9.25937e-17
3.06734e+10 -0.0740061 -0.0455217 8.54711e-17
3.07049e+10 -0.0740414 -0.0459337 8.54711e-17
3.07365e+10 -0.0740752 -0.0463448 9.25937e-17
3.0768e+10 -0.0741076 -0.046755 8.54711e-17
3.07996e+10 -0.0741387 -0.0471644 8.54711e-17
3.08311e+10 -0.0741683 -0.0475729 9.25937e-17
3.08627e+10 -0.0741966 -0.0479805 8.54711e-17
3.08943e+10 -0.0742235 -0.0483872 8.54711e-17
3.09258e+10 -0.074249 -0.0487931 8.54711e-17
3.09574e+10 -0.0742732 -0.049198 8.54711e-17
3.09889e+10 -0.0742961 -0.0496021 8.54711e-17
3.10205e+10 -0.0743176 -0.0500053 8.54711e-17
3.1052e+10 -0.0743379 -0.0504076 9.25937e-17
3.10836e+10 -0.0743568 -0.050809 9.97163e-17
3.11152e+10 -0.0743745 -0.0512096 8.54711e-17
3.11467e+10 -0.0743908 -0.0516092 9.25937e-17
3.11783e+10 -0.0744059 -0.052008 1.06839e-16
3.12098e+10 -0.0744198 -0.0524059 1.06839e-16
3.12414e+10 -0.0744323 -0.0528029 1.06839e-16
3.12729e+10 -0.0744437 -0.053199 1.06839e-16
3.13045e+10 -0.0744538 -0.0535943 1.06839e-16
3.13361e+10 -0.0744627 -0.0539887 9.97163e-17
3.13676e+10 -0.0744703 -0.0543822 1.06839e-16
3.13992e+10 -0.0744768 -0.0547748 1.06839e-16
3.14307e+10 -0.0744821 -0.0551665 1.06839e-16
3.14623e+10 -0.0744862 -0.0555574 1.06839e-16
3.14938e+10 -0.0744891 -0.0559473 1.13961e-16
3.15254e+10 -0.0744908 -0.0563364 1.13961e-16
3.1557e+10 -0.0744914 -0.0567247 1.13961e-16
3.15885e+10 -0.0744908 -0.057112 1.21084e-16
3.16201e+10 -0.0744891 -0.0574985 1.13961e-16
3.16516e+10 -0.0744862 -0.0578841 1.06839e-16
3.16832e+10 -0.0744823 -0.0582688 1.21084e-16
3.17147e+10 -0.0744772 -0.0586526 1.13961e-16
3.17463e+10 -0.074471 -0.0590356 1.06839e-16
3.17779e+10 -0.0744637 -0.0594177 1.06839e-16
3.18094e+10 -0.0744553 -0.059799 1.13961e-16
3.1841e+10 -0.0744458 -0.0601793 1.21084e-16
3.18725e+10 -0.0744352 -0.0605588 1.21084e-16
3.19041e+10 -0.0744236 -0.0609374 1.13961e-16
3.19356e+10 -0.0744109 -0.0613152 1.28207e-16
3.19672e+10 -0.0743972 -0.0616921 1.13961e-16
3.19987e+10 -0.0743824 -0.0620681 1.21084e-16
3.20303e+10 -0.0743666 -0.0624432 1.21084e-16
3.20619e+10 -0.0743497 -0.0628175 1.21084e-16
3.20934e+10 -0.0743319 -0.0631909 1.21084e-16
3.2125e+10 -0.074313 -0.0635635 1.13961e-16
3.21565e+10 -0.0742931 -0.0639352 1.21084e-16
3.21881e+10 -0.0742722 -0.064306 1.13961e-16
3.22196e+10 -0.0742503 -0.064676 1.21084e-16
3.22512e+10 -0.0742274 -0.0650451 1.06839e-16
3.22828e+10 -0.0742035 -0.0654134 1.06839e-16
3.23143e+10 -0.0741787 -0.0657808 1.13961e-16
3.23459e+10 -0.0741529 -0.0661473 1.13961e-16
3.23774e+10 -0.0741262 -0.066513 1.13961e-16
3.2409e+10 -0.0740985 -0.0668778 1.28207e-16
3.24405e+10 -0.0740698 -0.0672418 1.21084e-16
3.24721e+10 -0.0740402 -0.0676049 1.13961e-16
3.25037e+10 -0.0740097 -0.0679672 1.21084e-16
3.25352e+10 -0.0739783 -0.0683287 1.21084e-16
3.25668e+10 -0.0739459 -0.0686892 1.28207e-16
3.25983e+10 -0.0739126 -0.069049 1.21084e-16
3.26299e+10 -0.0738784 -0.0694079 1.21084e-16
3.26614e+10 -0.0738434 -0.0697659 1.21084e-16
3.2693e+10 -0.0738074 -0.0701231 1.28207e-16
3.27246e+10 -0.0737705 -0.0704795 1.21084e-16
3.27561e+10 -0.0737328 -0.070835 1.35329e-16
3.27877e+10 -0.0736942 -0.0711896 1.21084e-16
3.28192e+10 -0.0736547 -0.0715435 1.42452e-16
3.28508e+10 -0.0736143 -0.0718965 1.35329e-16
3.28823e+10 -0.0735731 -0.0722486 1.35329e-16
3.29139e+10 -0.0735311 -0.0726 1.35329e-16
3.29455e+10 -0.0734882 -0.0729504 1.42452e-16
3.2977e+10 -0.0734444 -0.0733001 1.42452e-16
3.30086e+10 -0.0733998 -0.0736489 1.28207e-16
3.30401e+10 -0.0733544 -0.0739969 1.28207e-16
3.30717e+10 -0.0733082 -0.0743441 1.28207e-16
3.31032e+10 -0.0732612 -0.0746904 1.21084e-16
3.31348e+10 -0.0732133 -0.0750359 1.28207e-16
3.31664e+10 -0.0731646 -0.0753806 1.28207e-16
3.31979e+10 -0.0731152 -0.0757244 1.28207e-16
3.32295e+10 -0.0730649 -0.0760675 1.28207e-16
3.3261e+10 -0.0730139 -0.0764097 1.28207e-16
3.32926e+10 -0.072962 -0.0767511 1.21084e-16
3.33241e+10 -0.0729094 -0.0770916 1.35329e-16
3.33557e+10 -0.0728561 -0.0774314 1.35329e-16
3.33873e+10 -0.0728019 -0.0777703 1.28207e-16
3.34188e+10 -0.072747 -0.0781084 1.35329e-16
3.34504e+10 -0.0726913 -0.0784458 1.21084e-16
3.34819e+10 -0.0726349 -0.0787822 1.28207e-16
3.35135e+10 -0.0725777 -0.0791179 1.35329e-16
3.3545e+10 -0.0725198 -0.0794528 1.35329e-16
3.35766e+10 -0.0724611 -0.0797868 1.42452e-16
3.36082e+10 -0.0724017 -0.0801201 1.28207e-16
3.36397e+10 -0.0723416 -0.0804525 1.35329e-16
3.36713e+10 -0.0722807 -0.0807842 1.28207e-16
3.37028e+10 -0.0722192 -0.081115 1.35329e-16
3.37344e+10 -0.0721569 -0.081445 1.35329e-16
3.37659e+10 -0.0720939 -0.0817743 1.42452e-16
3.37975e+10 -0.0720302 -0.0821027 1.28207e-16
3.38291e+10 -0.0719658 -0.0824303 1.35329e-16
3.38606e+10 -0.0719007 -0.0827571 1.28207e-16
3.38922e+10 -0.0718349 -0.0830832 1.28207e-16
3.39237e+10 -0.0717684 -0.0834084 1.28207e-16
3.39553e+10 -0.0717013 -0.0837328 1.28207e-16
3.39868e+10 -0.0716334 -0.0840565 1.28207e-16
3.40184e+10 -0.0715649 -0.0843794 1.35329e-16
3.405e+10 -0.0714957 -0.0847014 1.21084e-16
3.40815e+10 -0.0714259 -0.0850227 1.42452e-16
3.41131e+10 -0.0713554 -0.0853432 1.35329e-16
3.41446e+10 -0.0712842 -0.0856629 1.42452e-16
3.41762e+10 -0.0712124 -0.0859818 1.35329e-16
3.42077e+10 -0.0711399 -0.0863 1.35329e-16
3.42393e+10 -0.0710668 -0.0866173 1.42452e-16
3.42708e+10 -0.070993 -0.0869339 1.42452e-16
3.43024e+10 -0.0709186 -0.0872497 1.42452e-16
3.4334e+10 -0.0708436 -0.0875647 1.42452e-16
3.43655e+10 -0.0707679 -0.0878789 1.49574e-16
3.43971e+10 -0.0706917 -0.0881924 1.49574e-16
3.44286e+10 -0.0706148 -0.0885051 1.56697e-16
3.44602e+10 -0.0705372 -0.088817 1.49574e-16
3.44917e+10 -0.0704591 -0.0891281 1.56697e-16
3.45233e+10 -0.0703804 -0.0894385 1.56697e-16
3.45549e+10 -0.070301 -0.0897481 1.56697e-16
3.45864e+10 -0.0702211 -0.0900569 1.6382e-16
3.4618e+10 -0.0701405 -0.090365 1.6382e-16
3.46495e+10 -0.0700594 -0.0906723 1.56697e-16
3.46811e+10 -0.0699776 -0.0909788 1.56697e-16
3.47126e+10 -0.0698953 -0.0912846 1.6382e-16
3.47442e+10 -0.0698124 -0.0915896 1.70942e-16
3.47758e+10 -0.0697289 -0.0918939 1.6382e-16
3.48073e+10 -0.0696449 -0.0921974 1.6382e-16
3.48389e+10 -0.0695603 -0.0925001 1.70942e-16
3.48704e+10 -0.0694751 -0.0928021 1.70942e-16
3.4902e+10 -0.0693893 -0.0931033 1.85187e-16
3.49335e+10 -0.069303 -0.0934038 1.78065e-16
3.49651e+10 -0.0692161 -0.0937035 1.85187e-16
3.49967e+10 -0.0691286 -0.0940024 1.78065e-16
3.50282e+10 -0.0690406 -0.0943006 1.78065e-16
3.50598e+10 -0.0689521 -0.0945981 1.78065e-16
3.50913e+10 -0.068863 -0.0948948 1.78065e-16
3.51229e+10 -0.0687734 -0.0951908 1.78065e-16
3.51544e+10 -0.0686832 -0.095486 1.9231e-16
3.5186e+10 -0.0685925 -0.0957805 1.85187e-16
3.52176e+10 -0.0685013 -0.0960742 1.9231e-16
3.52491e+10 -0.0684095 -0.0963672 1.9231e-16
3.52807e+10 -0.0683172 -0.0966595 1.85187e-16
3.53122e+10 -0.0682244 -0.096951 1.99433e-16
3.53438e+10 -0.0681311 -0.0972418 1.9231e-16
3.53753e+10 -0.0680372 -0.0975318 1.85187e-16
3.54069e+10 -0.0679429 -0.0978211 1.85187e-16
3.54385e+10 -0.067848 -0.0981097 1.85187e-16
3.547e+10 -0.0677526 -0.0983975 1.70942e-16
3.55016e+10 -0.0676567 -0.0986846 1.9231e-16
3.55331e+10 -0.0675603 -0.098971 1.85187e-16
3.55647e+10 -0.0674635 -0.0992566 1.9231e-16
3.55962e+10 -0.0673661 -0.0995415 1.85187e-16
3.56278e+10 -0.0672682 -0.0998257 1.9231e-16
3.56594e+10 -0.0671699 -0.100109 1.9231e-16
3.56909e+10 -0.067071 -0.100392 2.06555e-16
3.57225e+10 -0.0669717 -0.100674 1.99433e-16
3.5754e+10 -0.0668719 -0.100955 1.99433e-16
3.57856e+10 -0.0667716 -0.101236 2.06555e-16
3.58171e+10 -0.0666708 -0.101516 2.06555e-16
3.58487e+10 -0.0665696 -0.101795 2.06555e-16
3.58803e+10 -0.0664679 -0.102073 2.06555e-16
3.59118e+10 -0.0663657 -0.102351 2.06555e-16
3.59434e+10 -0.0662631 -0.102628 2.13678e-16
3.59749e+10 -0.06616 -0.102904 2.13678e-16
3.60065e+10 -0.0660565 -0.10318 2.06555e-16
3.6038e+10 -0.0659524 -0.103455 2.06555e-16
3.60696e+10 -0.065848 -0.103729 1.99433e-16
3.61012e+10 -0.0657431 -0.104002 1.9231e-16
3.61327e+10 -0.0656377 -0.104275 1.99433e-16
3.61643e+10 -0.0655319 -0.104547 1.9231e-16
3.61958e+10 -0.0654257 -0.104818 1.99433e-16
3.62274e+10 -0.065319 -0.105089 1.99433e-16
3.62589e+10 -0.0652119 -0.105359 1.99433e-16
3.62905e+10 -0.0651043 -0.105628 1.9231e-16
3.63221e+10 -0.0649963 -0.105896 1.9231e-16
3.63536e+10 -0.0648879 -0.106164 1.9231e-16
3.63852e+10 -0.0647791 -0.106431 1.99433e-16
3.64167e+10 -0.0646698 -0.106698 2.06555e-16
3.64483e+10 -0.0645601 -0.106963 2.06555e-16
3.64798e+10 -0.06445 -0.107228 2.13678e-16
3.65114e+10 -0.0643394 -0.107493 2.06555e-16
3.6543e+10 -0.0642285 -0.107756 2.13678e-16
3.65745e+10 -0.0641171 -0.108019 1.99433e-16
3.66061e+10 -0.0640054 -0.108281 2.06555e-16
3.66376e+10 -0.0638932 -0.108543 2.13678e-16
3.66692e+10 -0.0637806 -0.108804 1.99433e-16
3.67007e+10 -0.0636676 -0.109064 2.06555e-16
3.67323e+10 -0.0635542 -0.109323 2.06555e-16
3.67638e+10 -0.0634404 -0.109582 1.99433e-16
3.67954e+10 -0.0633263 -0.10984 2.06555e-16
3.6827e+10 -0.0632117 -0.110098 1.99433e-16
3.68585e+10 -0.0630967 -0.110354 2.06555e-16
3.68901e+10 -0.0629814 -0.11061 2.06555e-16
3.69216e+10 -0.0628656 -0.110866 2.06555e-16
3.69532e+10 -0.0627495 -0.111121 1.99433e-16
3.69847e+10 -0.062633 -0.111375 1.99433e-16
3.70163e+10 -0.0625161 -0.111628 1.99433e-16
3.70479e+10 -0.0623988 -0.111881 2.13678e-16
3.70794e+10 -0.0622812 -0.112133 1.99433e-16
3.7111e+10 -0.0621631 -0.112384 2.13678e-16
3.71425e+10 -0.0620447 -0.112634 2.06555e-16
3.71741e+10 -0.061926 -0.112884 2.06555e-16
3.72056e+10 -0.0618068 -0.113134 2.06555e-16
3.72372e+10 -0.0616873 -0.113382 2.208e-16
3.72688e+10 -0.0615675 -0.11363 2.13678e-16
3.73003e+10 -0.0614473 -0.113878 2.13678e-16
3.73319e+10 -0.0613267 -0.114124 2.208e-16
3.73634e+10 -0.0612057 -0.11437 2.13678e-16
3.7395e+10 -0.0610844 -0.114616 2.208e-16
3.74265e+10 -0.0609628 -0.11486 2.208e-16
3.74581e+10 -0.0608408 -0.115104 2.27923e-16
3.74897e+10 -0.0607184 -0.115347 2.27923e-16
3.75212e+10 -0.0605957 -0.11559 2.208e-16
3.75528e+10 -0.0604727 -0.115832 2.208e-16
3.75843e+10 -0.0603493 -0.116073 2.208e-16
3.76159e+10 -0.0602256 -0.116314 2.35046e-16
3.76474e+10 -0.0601015 -0.116554 2.35046e-16
3.7679e+10 -0.0599771 -0.116794 2.27923e-16
3.77106e+10 -0.0598523 -0.117032 2.27923e-16
3.77421e+10 -0.0597272 -0.11727 2.27923e-16
3.77737e+10 -0.0596018 -0.117508 2.208e-16
3.78052e+10 -0.0594761 -0.117744 2.27923e-16
3.78368e+10 -0.05935 -0.117981 2.208e-16
3.78683e+10 -0.0592236 -0.118216 2.35046e-16
3.78999e+10 -0.0590969 -0.118451 2.208e-16
3.79315e+10 -0.0589699 -0.118685 2.208e-16
3.7963e+10 -0.0588425 -0.118918 2.208e-16
3.79946e+10 -0.0587148 -0.119151 2.27923e-16
3.80261e+10 -0.0585868 -0.119384 2.208e-16
3.80577e+10 -0.0584585 -0.119615 2.208e-16
3.80892e+10 -0.0583298 -0.119846 2.27923e-16
3.81208e+10 -0.0582009 -0.120076 2.13678e-16
3.81524e+10 -0.0580716 -0.120306 2.27923e-16
3.81839e+10 -0.0579421 -0.120535 2.27923e-16
3.82155e+10 -0.0578122 -0.120763 2.27923e-16
3.8247e+10 -0.057682 -0.120991 2.27923e-16
3.82786e+10 -0.0575515 -0.121218 2.42168e-16
3.83101e+10 -0.0574207 -0.121445 2.42168e-16
3.83417e+10 -0.0572897 -0.12167 2.42168e-16
3.83733e+10 -0.0571583 -0.121896 2.42168e-16
3.84048e+10 -0.0570266 -0.12212 2.49291e-16
3.84364e+10 -0.0568946 -0.122344 2.42168e-16
3.84679e+10 -0.0567623 -0.122567 2.56413e-16
3.84995e+10 -0.0566298 -0.12279 2.63536e-16
3.8531e+10 -0.0564969 -0.123012 2.63536e-16
3.85626e+10 -0.0563638 -0.123233 2.63536e-16
3.85942e+10 -0.0562303 -0.123454 2.56413e-16
3.86257e+10 -0.0560966 -0.123674 2.49291e-16
3.86573e+10 -0.0559626 -0.123894 2.56413e-16
3.86888e+10 -0.0558283 -0.124113 2.56413e-16
3.87204e+10 -0.0556938 -0.124331 2.63536e-16
3.87519e+10 -0.0555589 -0.124549 2.49291e-16
3.87835e+10 -0.0554238 -0.124766 2.56413e-16
3.88151e+10 -0.0552884 -0.124982 2.63536e-16
3.88466e+10 -0.0551527 -0.125198 2.70658e-16
3.88782e+10 -0.0550168 -0.125413 2.70658e-16
3.89097e+10 -0.0548806 -0.125628 2.77781e-16
3.89413e+10 -0.0547441 -0.125841 2.70658e-16
3.89728e+10 -0.0546073 -0.126055 2.49291e-16
3.90044e+10 -0.0544703 -0.126267 2.56413e-16
3.90359e+10 -0.054333 -0.12648 2.63536e-16
3.90675e+10 -0.0541955 -0.126691 2.63536e-16
3.90991e+10 -0.0540577 -0.126902 2.70658e-16
3.91306e+10 -0.0539196 -0.127112 2.70658e-16
3.91622e+10 -0.0537812 -0.127322 2.63536e-16
3.91937e+10 -0.0536427 -0.127531 2.70658e-16
3.92253e+10 -0.0535038 -0.127739 2.84904e-16
3.92568e+10 -0.0533647 -0.127947 2.92026e-16
3.92884e+10 -0.0532253 -0.128154 2.84904e-16
3.932e+10 -0.0530857 -0.128361 2.84904e-16
3.93515e+10 -0.0529459 -0.128567 2.77781e-16
3.93831e+10 -0.0528057 -0.128772 2.99149e-16
3.94146e+10 -0.0526654 -0.128977 2.84904e-16
3.94462e+10 -0.0525248 -0.129181 2.92026e-16
3.94777e+10 -0.0523839 -0.129384 2.92026e-16
3.95093e+10 -0.0522428 -0.129587 3.06271e-16
3.95409e+10 -0.0521015 -0.12979 3.06271e-16
3.95724e+10 -0.0519599 -0.129991 3.06271e-16
3.9604e+10 -0.0518181 -0.130192 3.13394e-16
3.96355e+10 -0.051676 -0.130393 3.06271e-16
3.96671e+10 -0.0515337 -0.130593 3.13394e-16
3.96986e+10 -0.0513912 -0.130792 2.99149e-16
3.97302e+10 -0.0512484 -0.130991 2.99149e-16
3.97618e+10 -0.0511054 -0.131189 3.20517e-16
3.97933e+10 -0.0509621 -0.131387 3.13394e-16
3.98249e+10 -0.0508187 -0.131584 3.06271e-16
3.98564e+10 -0.050675 -0.13178 3.13394e-16
3.9888e+10 -0.050531 -0.131976 3.06271e-16
3.99195e+10 -0.0503869 -0.132171 3.13394e-16
3.99511e+10 -0.0502425 -0.132365 3.13394e-16
3.99827e+10 -0.0500979 -0.132559 3.13394e-16
4.00142e+10 -0.0499531 -0.132753 3.20517e-16
4.00458e+10 -0.049808 -0.132946 3.13394e-16
4.00773e+10 -0.0496628 -0.133138 3.06271e-16
4.01089e+10 -0.0495173 -0.133329 3.06271e-16
4.01404e+10 -0.0493716 -0.13352 3.06271e-16
4.0172e+10 -0.0492256 -0.133711 2.99149e-16
4.02036e+10 -0.0490795 -0.133901 2.99149e-16
4.02351e+10 -0.0489331 -0.13409 2.99149e-16
4.02667e+10 -0.0487866 -0.134279 3.06271e-16
4.02982e+10 -0.0486398 -0.134467 2.92026e-16
4.03298e+10 -0.0484928 -0.134654 2.92026e-16
4.03613e+10 -0.0483456 -0.134841 2.92026e-16
4.03929e+10 -0.0481982 -0.135028 2.84904e-16
4.04245e+10 -0.0480505 -0.135213 2.92026e-16
4.0456e+10 -0.0479027 -0.135399 2.84904e-16
4.04876e+10 -0.0477547 -0.135583 2.99149e-16
4.05191e+10 -0.0476065 -0.135767 2.84904e-16
4.05507e+10 -0.047458 -0.135951 2.77781e-16
4.05822e+10 -0.0473094 -0.136134 2.77781e-16
4.06138e+10 -0.0471605 -0.136316 2.77781e-16
4.06454e+10 -0.0470115 -0.136498 2.84904e-16
4.06769e+10 -0.0468623 -0.136679 2.77781e-16
4.07085e+10 -0.0467128 -0.136859 2.84904e-16
4.074e+10 -0.0465632 -0.137039 2.77781e-16
4.07716e+10 -0.0464134 -0.137219 2.92026e-16
4.08031e+10 -0.0462634 -0.137398 2.92026e-16
4.08347e+10 -0.0461132 -0.137576 2.84904e-16
4.08663e+10 -0.0459628 -0.137754 2.92026e-16
4.08978e+10 -0.0458122 -0.137931 2.92026e-16
4.09294e+10 -0.0456614 -0.138107 2.92026e-16
4.09609e+10 -0.0455104 -0.138283 2.92026e-16
4.09925e+10 -0.0453593 -0.138459 2.99149e-16
4.1024e+10 -0.0452079 -0.138634 3.06271e-16
4.10556e+10 -0.0450564 -0.138808 3.06271e-16
4.10872e+10 -0.0449047 -0.138982 2.99149e-16
4.11187e+10 -0.0447528 -0.139155 3.13394e-16
4.11503e+10 -0.0446007 -0.139327 3.06271e-16
4.11818e+10 -0.0444484 -0.139499 3.06271e-16
4.12134e+10 -0.044296 -0.139671 2.92026e-16
4.12449e+10 -0.0441434 -0.139842 3.06271e-16
4.12765e+10 -0.0439906 -0.140012 2.99149e-16
4.13081e+10 -0.0438376 -0.140182 3.06271e-16
4.13396e+10 -0.0436845 -0.140351 3.06271e-16
4.13712e+10 -0.0435312 -0.14052 3.06271e-16
4.14027e+10 -0.0433777 -0.140688 2.99149e-16
4.14343e+10 -0.043224 -0.140855 2.99149e-16
4.14658e+10 -0.0430702 -0.141022 3.06271e-16
4.14974e+10 -0.0429162 -0.141189 2.99149e-16
4.15289e+10 -0.042762 -0.141355 2.92026e-16
4.15605e+10 -0.0426076 -0.14152 2.99149e-16
4.15921e+10 -0.0424531 -0.141685 2.99149e-16
4.16236e+10 -0.0422985 -0.141849 3.06271e-16
4.16552e+10 -0.0421436 -0.142013 2.92026e-16
4.16867e+10 -0.0419886 -0.142176 2.84904e-16
4.17183e+10 -0.0418334 -0.142338 2.92026e-16
4.17498e+10 -0.0416781 -0.1425 2.77781e-16
4.17814e+10 -0.0415226 -0.142662 2.77781e-16
4.1813e+10 -0.0413669 -0.142823 2.84904e-16
4.18445e+10 -0.0412111 -0.142983 2.77781e-16
4.18761e+10 -0.0410552 -0.143143 2.70658e-16
4.19076e+10 -0.040899 -0.143302 2.70658e-16
4.19392e+10 -0.0407427 -0.143461 2.70658e-16
4.19707e+10 -0.0405863 -0.143619 2.70658e-16
4.20023e+10 -0.0404297 -0.143776 2.63536e-16
4.20339e+10 -0.0402729 -0.143933 2.70658e-16
4.20654e+10 -0.040116 -0.14409 2.70658e-16
4.2097e+10 -0.039959 -0.144246 2.77781e-16
4.21285e+10 -0.0398018 -0.144401 2.77781e-16
4.21601e+10 -0.0396444 -0.144556 2.70658e-16
4.21916e+10 -0.0394869 -0.14471 2.77781e-16
4.22232e+10 -0.0393292 -0.144864 2.77781e-16
4.22548e+10 -0.0391714 -0.145017 2.77781e-16
4.22863e+10 -0.0390135 -0.14517 2.70658e-16
4.23179e+10 -0.0388554 -0.145322 2.77781e-16
4.23494e+10 -0.0386971 -0.145474 2.77781e-16
4.2381e+10 -0.0385388 -0.145625 2.77781e-16
4.24125e+10 -0.0383802 -0.145775 2.77781e-16
4.24441e+10 -0.0382216 -0.145925 2.70658e-16
4.24757e+10 -0.0380627 -0.146075 2.84904e-16
4.25072e+10 -0.0379038 -0.146224 2.92026e-16
4.25388e+10 -0.0377447 -0.146372 2.92026e-16
4.25703e+10 -0.0375855 -0.14652 2.84904e-16
4.26019e+10 -0.0374261 -0.146667 2.84904e-16
4.26334e+10 -0.0372666 -0.146814 2.99149e-16
4.2665e+10 -0.037107 -0.14696 2.92026e-16
4.26966e+10 -0.0369472 -0.147106 2.92026e-16
4.27281e+10 -0.0367873 -0.147251 2.92026e-16
4.27597e+10 -0.0366272 -0.147396 2.99149e-16
4.27912e+10 -0.036467 -0.14754 3.06271e-16
4.28228e+10 -0.0363067 -0.147683 3.13394e-16
4.28543e+10 -0.0361463 -0.147826 3.13394e-16
4.28859e+10 -0.0359857 -0.147969 3.06271e-16
4.29175e+10 -0.035825 -0.148111 3.13394e-16
4.2949e+10 -0.0356642 -0.148252 2.99149e-16
4.29806e+10 -0.0355032 -0.148393 3.06271e-16
4.30121e+10 -0.0353422 -0.148533 3.13394e-16
4.30437e+10 -0.035181 -0.148673 3.13394e-16
4.30752e+10 -0.0350196 -0.148813 3.13394e-16
4.31068e+10 -0.0348582 -0.148951 3.06271e-16
4.31384e+10 -0.0346966 -0.14909 3.06271e-16
4.31699e+10 -0.0345349 -0.149227 3.06271e-16
4.32015e+10 -0.0343731 -0.149364 3.06271e-16
4.3233e+10 -0.0342111 -0.149501 3.20517e-16
4.32646e+10 -0.034049 -0.149637 3.20517e-16
4.32961e+10 -0.0338869 -0.149773 2.99149e-16
4.33277e+10 -0.0337246 -0.149908 3.13394e-16
4.33593e+10 -0.0335621 -0.150043 3.13394e-16
4.33908e+10 -0.0333996 -0.150177 3.20517e-16
4.34224e+10 -0.0332369 -0.15031 3.20517e-16
4.34539e+10 -0.0330742 -0.150443 3.06271e-16
4.34855e+10 -0.0329113 -0.150576 2.99149e-16
4.3517e+10 -0.0327483 -0.150707 3.06271e-16
4.35486e+10 -0.0325852 -0.150839 2.99149e-16
4.35802e+10 -0.0324219 -0.15097 2.92026e-16
4.36117e+10 -0.0322586 -0.1511 2.99149e-16
4.36433e+10 -0.0320952 -0.15123 2.99149e-16
4.36748e+10 -0.0319316 -0.151359 2.77781e-16
4.37064e+10 -0.0317679 -0.151488 2.92026e-16
4.37379e+10 -0.0316042 -0.151617 2.92026e-16
4.37695e+10 -0.0314403 -0.151744 2.84904e-16
4.3801e+10 -0.0312763 -0.151872 2.99149e-16
4.38326e+10 -0.0311122 -0.151998 2.92026e-16
4.38642e+10 -0.030948 -0.152125 2.99149e-16
4.38957e+10 -0.0307837 -0.15225 2.92026e-16
4.39273e+10 -0.0306192 -0.152376 2.92026e-16
4.39588e+10 -0.0304547 -0.1525 2.99149e-16
4.39904e+10 -0.0302901 -0.152625 2.99149e-16
4.40219e+10 -0.0301254 -0.152748 3.06271e-16
4.40535e+10 -0.0299606 -0.152871 2.99149e-16
4.40851e+10 -0.0297956 -0.152994 3.06271e-16
4.41166e+10 -0.0296306 -0.153116 3.13394e-16
4.41482e+10 -0.0294655 -0.153238 2.99149e-16
4.41797e+10 -0.0293003 -0.153359 3.06271e-16
4.42113e+10 -0.029135 -0.153479 3.06271e-16
4.42428e+10 -0.0289695 -0.1536 2.99149e-16
4.42744e+10 -0.028804 -0.153719 2.92026e-16
4.4306e+10 -0.0286384 -0.153838 2.92026e-16
4.43375e+10 -0.0284727 -0.153957 2.99149e-16
4.43691e+10 -0.0283069 -0.154075 2.92026e-16
4.44006e+10 -0.028141 -0.154192 3.06271e-16
4.44322e+10 -0.0279751 -0.154309 3.06271e-16
4.44637e+10 -0.027809 -0.154426 3.06271e-16
4.44953e+10 -0.0276428 -0.154542 3.13394e-16
4.45269e+10 -0.0274766 -0.154657 3.06271e-16
4.45584e+10 -0.0273102 -0.154772 3.13394e-16
4.459e+10 -0.0271438 -0.154887 3.13394e-16
4.46215e+10 -0.0269773 -0.155001 3.06271e-16
4.46531e+10 -0.0268107 -0.155114 3.06271e-16
4.46846e+10 -0.026644 -0.155227 2.99149e-16
4.47162e+10 -0.0264772 -0.15534 3.06271e-16
4.47478e+10 -0.0263103 -0.155452 3.13394e-16
4.47793e+10 -0.0261433 -0.155563 3.13394e-16
4.48109e+10 -0.0259763 -0.155674 3.27639e-16
4.48424e+10 -0.0258092 -0.155785 3.20517e-16
4.4874e+10 -0.025642 -0.155895 3.20517e-16
4.49055e+10 -0.0254747 -0.156004 3.13394e-16
4.49371e+10 -0.0253073 -0.156113 3.13394e-16
4.49687e+10 -0.0251399 -0.156222 3.13394e-16
4.50002e+10 -0.0249723 -0.15633 2.99149e-16
4.50318e+10 -0.0248047 -0.156437 3.06271e-16
4.50633e+10 -0.024637 -0.156544 3.06271e-16
4.50949e+10 -0.0244693 -0.156651 2.92026e-16
4.51264e+10 -0.0243014 -0.156757 2.99149e-16
4.5158e+10 -0.0241335 -0.156862 2.99149e-16
4.51896e+10 -0.0239655 -0.156967 2.92026e-16
4.52211e+10 -0.0237974 -0.157071 2.99149e-16
4.52527e+10 -0.0236292 -0.157175 2.92026e-16
4.52842e+10 -0.023461 -0.157279 2.92026e-16
4.53158e+10 -0.0232927 -0.157382 2.84904e-16
4.53473e+10 -0.0231243 -0.157484 2.92026e-16
4.53789e+10 -0.0229559 -0.157586 2.84904e-16
4.54105e+10 -0.0227874 -0.157688 2.92026e-16
4.5442e+10 -0.0226188 -0.157789 2.92026e-16
4.54736e+10 -0.0224501 -0.157889 3.06271e-16
4.55051e+10 -0.0222814 -0.157989 3.06271e-16
4.55367e+10 -0.0221126 -0.158089 2.99149e-16
4.55682e+10 -0.0219437 -0.158188 3.06271e-16
4.55998e+10 -0.0217748 -0.158287 2.92026e-16
4.56314e+10 -0.0216058 -0.158385 2.99149e-16
4.56629e+10 -0.0214367 -0.158482 2.99149e-16
4.56945e+10 -0.0212675 -0.158579 2.92026e-16
4.5726e+10 -0.0210983 -0.158676 2.99149e-16
4.57576e+10 -0.0209291 -0.158772 2.99149e-16
4.57891e+10 -0.0207597 -0.158867 2.92026e-16
4.58207e+10 -0.0205903 -0.158963 2.92026e-16
4.58523e+10 -0.0204209 -0.159057 3.06271e-16
4.58838e+10 -0.0202513 -0.159151 3.13394e-16
4.59154e+10 -0.0200818 -0.159245 3.13394e-16
4.59469e+10 -0.0199121 -0.159338 3.20517e-16
4.59785e+10 -0.0197424 -0.159431 3.20517e-16
4.601e+10 -0.0195726 -0.159523 3.13394e-16
4.60416e+10 -0.0194028 -0.159615 3.20517e-16
4.60731e+10 -0.0192329 -0.159706 3.06271e-16
4.61047e+10 -0.0190629 -0.159796 2.99149e-16
4.61363e+10 -0.0188929 -0.159887 3.20517e-16
4.61678e+10 -0.0187229 -0.159976 3.20517e-16
4.61994e+10 -0.0185527 -0.160066 3.13394e-16
4.62309e+10 -0.0183826 -0.160154 3.13394e-16
4.62625e+10 -0.0182123 -0.160243 2.99149e-16
4.6294e+10 -0.018042 -0.160331 2.99149e-16
4.63256e+10 -0.0178717 -0.160418 2.99149e-16
4.63572e+10 -0.0177013 -0.160505 2.84904e-16
4.63887e+10 -0.0175309 -0.160591 2.92026e-16
4.64203e+10 -0.0173604 -0.160677 2.84904e-16
4.64518e+10 -0.0171898 -0.160762 2.92026e-16
4.64834e+10 -0.0170192 -0.160847 2.92026e-16
4.65149e+10 -0.0168485 -0.160932 2.84904e-16
4.65465e+10 -0.0166778 -0.161015 2.92026e-16
4.65781e+10 -0.0165071 -0.161099 2.92026e-16
4.66096e+10 -0.0163363 -0.161182 2.77781e-16
4.66412e+10 -0.0161654 -0.161264 2.84904e-16
4.66727e+10 -0.0159945 -0.161346 2.70658e-16
4.67043e+10 -0.0158235 -0.161428 2.63536e-16
4.67358e+10 -0.0156525 -0.161509 2.56413e-16
4.67674e+10 -0.0154815 -0.16159 2.49291e-16
4.6799e+10 -0.0153104 -0.16167 2.56413e-16
4.68305e+10 -0.0151393 -0.161749 2.63536e-16
4.68621e+10 -0.0149681 -0.161828 2.56413e-16
4.68936e+10 -0.0147969 -0.161907 2.56413e-16
4.69252e+10 -0.0146256 -0.161985 2.56413e-16
4.69567e+10 -0.0144543 -0.162063 2.49291e-16
4.69883e+10 -0.0142829 -0.16214 2.49291e-16
4.70199e+10 -0.0141115 -0.162217 2.49291e-16
4.70514e+10 -0.0139401 -0.162293 2.42168e-16
4.7083e+10 -0.0137686 -0.162369 2.56413e-16
4.71145e+10 -0.0135971 -0.162444 2.56413e-16
4.71461e+10 -0.0134255 -0.162519 2.56413e-16
4.71776e+10 -0.0132539 -0.162593 2.70658e-16
4.72092e+10 -0.0130823 -0.162667 2.56413e-16
4.72408e+10 -0.0129106 -0.162741 2.70658e-16
4.72723e+10 -0.0127389 -0.162814 2.63536e-16
4.73039e+10 -0.0125672 -0.162886 2.70658e-16
4.73354e+10 -0.0123954 -0.162958 2.63536e-16
4.7367e+10 -0.0122235 -0.16303 2.56413e-16
4.73985e+10 -0.0120517 -0.163101 2.56413e-16
4.74301e+10 -0.0118798 -0.163171 2.42168e-16
4.74617e+10 -0.0117079 -0.163241 2.49291e-16
4.74932e+10 -0.0115359 -0.163311 2.49291e-16
4.75248e+10 -0.0113639 -0.16338 2.49291e-16
4.75563e+10 -0.0111919 -0.163449 2.42168e-16
4.75879e+10 -0.0110198 -0.163517 2.63536e-16
4.76194e+10 -0.0108477 -0.163585 2.56413e-16
4.7651e+10 -0.0106756 -0.163652 2.56413e-16
4.76826e+10 -0.0105034 -0.163719 2.56413e-16
4.77141e+10 -0.0103313 -0.163785 2.70658e-16
4.77457e+10 -0.010159 -0.163851 2.70658e-16
4.77772e+10 -0.0099868 -0.163917 2.70658e-16
4.78088e+10 -0.00981453 -0.163981 2.63536e-16
4.78403e+10 -0.00964223 -0.164046 2.70658e-16
4.78719e+10 -0.0094699 -0.16411 2.63536e-16
4.79035e+10 -0.00929755 -0.164173 2.56413e-16
4.7935e+10 -0.00912517 -0.164236 2.63536e-16
4.79666e+10 -0.00895276 -0.164299 2.70658e-16
4.79981e+10 -0.00878033 -0.164361 2.70658e-16
4.80297e+10 -0.00860787 -0.164423 2.77781e-16
4.80612e+10 -0.00843539 -0.164484 2.77781e-16
4.80928e+10 -0.00826288 -0.164545 2.70658e-16
4.81244e+10 -0.00809036 -0.164605 2.63536e-16
4.81559e+10 -0.0079178 -0.164665 2.56413e-16
4.81875e+10 -0.00774523 -0.164724 2.56413e-16
4.8219e+10 -0.00757263 -0.164783 2.63536e-16
4.82506e+10 -0.00740001 -0.164841 2.70658e-16
4.82821e+10 -0.00722738 -0.164899 2.77781e-16
4.83137e+10 -0.00705472 -0.164957 2.77781e-16
4.83453e+10 -0.00688204 -0.165014 2.70658e-16
4.83768e+10 -0.00670934 -0.16507 2.70658e-16
4.84084e+10 -0.00653662 -0.165126 2.77781e-16
4.84399e+10 -0.00636389 -0.165182 2.70658e-16
4.84715e+10 -0.00619113 -0.165237 2.70658e-16
4.8503e+10 -0.00601836 -0.165292 2.70658e-16
4.85346e+10 -0.00584557 -0.165346 2.70658e-16
4.85661e+10 -0.00567277 -0.165399 2.77781e-16
4.85977e+10 -0.00549995 -0.165453 2.77781e-16
4.86293e+10 -0.00532711 -0.165506 2.77781e-16
4.86608e+10 -0.00515426 -0.165558 2.77781e-16
4.86924e+10 -0.0049814 -0.16561 2.92026e-16
4.87239e+10 -0.00480852 -0.165661 2.92026e-16
4.87555e+10 -0.00463563 -0.165712 2.77781e-16
4.8787e+10 -0.00446272 -0.165763 2.92026e-16
4.88186e+10 -0.00428981 -0.165813 2.84904e-16
4.88502e+10 -0.00411688 -0.165862 2.92026e-16
4.88817e+10 -0.00394394 -0.165911 3.06271e-16
4.89133e+10 -0.00377099 -0.16596 3.06271e-16
4.89448e+10 -0.00359802 -0.166008 3.06271e-16
4.89764e+10 -0.00342505 -0.166056 3.20517e-16
4.90079e+10 -0.00325207 -0.166103 3.13394e-16
4.90395e+10 -0.00307908 -0.16615 3.13394e-16
4.90711e+10 -0.00290608 -0.166196 3.20517e-16
4.91026e+10 -0.00273307 -0.166242 3.27639e-16
4.91342e+10 -0.00256006 -0.166288 3.20517e-16
4.91657e+10 -0.00238704 -0.166333 3.13394e-16
4.91973e+10 -0.00221401 -0.166377 3.13394e-16
4.92288e+10 -0.00204097 -0.166421 3.06271e-16
4.92604e+10 -0.00186793 -0.166465 3.20517e-16
4.9292e+10 -0.00169489 -0.166508 3.20517e-16
4.93235e+10 -0.00152184 -0.166551 3.27639e-16
4.93551e+10 -0.00134879 -0.166593 3.27639e-16
4.93866e+10 -0.00117573 -0.166635 3.20517e-16
4.94182e+10 -0.00100267 -0.166676 3.13394e-16
4.94497e+10 -0.000829604 -0.166717 3.20517e-16
4.94813e+10 -0.000656538 -0.166757 3.13394e-16
4.95129e+10 -0.000483471 -0.166797 3.20517e-16
4.95444e+10 -0.000310402 -0.166837 3.20517e-16
4.9576e+10 -0.000137332 -0.166876 3.13394e-16
4.96075e+10 3.57381e-05 -0.166915 3.13394e-16
4.96391e+10 0.000208808 -0.166953 3.06271e-16
4.96706e+10 0.000381878 -0.16699 2.99149e-16
4.97022e+10 0.000554946 -0.167028 3.06271e-16
4.97338e+10 0.000728013 -0.167064 2.99149e-16
4.97653e+10 0.000901078 -0.167101 2.92026e-16
4.97969e+10 0.00107414 -0.167137 3.13394e-16
4.98284e+10 0.0012472 -0.167172 3.20517e-16
4.986e+10 0.00142026 -0.167207 3.06271e-16
4.98915e+10 0.00159331 -0.167241 3.06271e-16
4.99231e+10 0.00176636 -0.167275 2.99149e-16
4.99547e+10 0.0019394 -0.167309 2.92026e-16
4.99862e+10 0.00211244 -0.167342 2.92026e-16
5.00178e+10 0.00228547 -0.167375 2.99149e-16
5.00493e+10 0.0024585 -0.167407 2.84904e-16
5.00809e+10 0.00263152 -0.167439 2.84904e-16
5.01124e+10 0.00280453 -0.16747 2.84904e-16
5.0144e+10 0.00297753 -0.167501 2.84904e-16
5.01756e+10 0.00315053 -0.167532 2.84904e-16
5.02071e+10 0.00332352 -0.167561 2.77781e-16
5.02387e+10 0.0034965 -0.167591 2.92026e-16
5.02702e+10 0.00366947 -0.16762 2.84904e-16
5.03018e+10 0.00384243 -0.167649 2.77781e-16
5.03333e+10 0.00401538 -0.167677 2.77781e-16
5.03649e+10 0.00418832 -0.167705 2.70658e-16
5.03965e+10 0.00436124 -0.167732 2.63536e-16
5.0428e+10 0.00453416 -0.167759 2.70658e-16
5.04596e+10 0.00470706 -0.167785 2.70658e-16
5.04911e+10 0.00487995 -0.167811 2.77781e-16
5.05227e+10 0.00505283 -0.167836 2.63536e-16
5.05542e+10 0.0052257 -0.167861 2.63536e-16
5.05858e+10 0.00539855 -0.167886 2.84904e-16
5.06174e+10 0.00557138 -0.16791 2.77781e-16
5.06489e+10 0.0057442 -0.167934 2.77781e-16
5.06805e+10 0.00591701 -0.167957 2.70658e-16
5.0712e+10 0.0060898 -0.16798 2.84904e-16
5.07436e+10 0.00626257 -0.168002 2.70658e-16
5.07751e+10 0.00643533 -0.168024 2.77781e-16
5.08067e+10 0.00660807 -0.168045 2.77781e-16
5.08382e+10 0.00678079 -0.168066 2.77781e-16
5.08698e+10 0.0069535 -0.168087 2.70658e-16
5.09014e+10 0.00712618 -0.168107 2.84904e-16
5.09329e+10 0.00729885 -0.168127 2.84904e-16
5.09645e+10 0.0074715 -0.168146 2.70658e-16
5.0996e+10 0.00764412 -0.168165 2.77781e-16
5.10276e+10 0.00781673 -0.168183 2.84904e-16
5.10591e+10 0.00798932 -0.168201 2.84904e-16
5.10907e+10 0.00816188 -0.168218 2.84904e-16
5.11223e+10 0.00833443 -0.168235 2.84904e-16
5.11538e+10 0.00850695 -0.168252 2.92026e-16
5.11854e+10 0.00867945 -0.168268 2.84904e-16
5.12169e+10 0.00885192 -0.168283 2.70658e-16
5.12485e+10 0.00902437 -0.168298 2.84904e-16
5.128e+10 0.0091968 -0.168313 2.84904e-16
5.13116e+10 0.00936921 -0.168327 2.70658e-16
5.13432e+10 0.00954158 -0.168341 2.77781e-16
5.13747e+10 0.00971394 -0.168355 2.77781e-16
5.14063e+10 0.00988627 -0.168368 2.70658e-16
5.14378e+10 0.0100586 -0.16838 2.63536e-16
5.14694e+10 0.0102308 -0.168392 2.49291e-16
5.15009e+10 0.0104031 -0.168404 2.56413e-16
5.15325e+10 0.0105753 -0.168415 2.63536e-16
5.15641e+10 0.0107475 -0.168426 2.63536e-16
5.15956e+10 0.0109197 -0.168436 2.63536e-16
5.16272e+10 0.0110918 -0.168446 2.63536e-16
5.16587e+10 0.0112639 -0.168455 2.63536e-16
5.16903e+10 0.011436 -0.168464 2.63536e-16
5.17218e+10 0.011608 -0.168472 2.49291e-16
5.17534e+10 0.0117801 -0.168481 2.56413e-16
5.1785e+10 0.011952 -0.168488 2.63536e-16
5.18165e+10 0.012124 -0.168495 2.56413e-16
5.18481e+10 0.0122959 -0.168502 2.56413e-16
5.18796e+10 0.0124678 -0.168508 2.56413e-16
5.19112e+10 0.0126397 -0.168514 2.63536e-16
5.19427e+10 0.0128115 -0.16852 2.70658e-16
5.19743e+10 0.0129833 -0.168524 2.63536e-16
5.20059e+10 0.013155 -0.168529 2.77781e-16
5.20374e+10 0.0133268 -0.168533 2.70658e-16
5.2069e+10 0.0134984 -0.168537 2.70658e-16
5.21005e+10 0.0136701 -0.16854 2.63536e-16
5.21321e+10 0.0138417 -0.168543 2.63536e-16
5.21636e+10 0.0140133 -0.168545 2.56413e-16
5.21952e+10 0.0141848 -0.168547 2.63536e-16
5.22268e+10 0.0143563 -0.168548 2.63536e-16
5.22583e+10 0.0145278 -0.168549 2.56413e-16
5.22899e+10 0.0146992 -0.16855 2.56413e-16
5.23214e+10 0.0148706 -0.16855 2.70658e-16
5.2353e+10 0.015042 -0.168549 2.49291e-16
5.23845e+10 0.0152133 -0.168549 2.56413e-16
5.24161e+10 0.0153846 -0.168547 2.56413e-16
5.24477e+10 0.0155558 -0.168546 2.63536e-16
5.24792e+10 0.015727 -0.168544 2.70658e-16
5.25108e+10 0.0158981 -0.168541 2.56413e-16
5.25423e+10 0.0160692 -0.168538 2.56413e-16
5.25739e+10 0.0162403 -0.168535 2.49291e-16
5.26054e+10 0.0164113 -0.168531 2.49291e-16
5.2637e+10 0.0165823 -0.168526 2.42168e-16
5.26686e+10 0.0167532 -0.168522 2.42168e-16
5.27001e+10 0.0169241 -0.168516 2.49291e-16
5.27317e+10 0.017095 -0.168511 2.42168e-16
5.27632e+10 0.0172658 -0.168505 2.49291e-16
5.27948e+10 0.0174366 -0.168498 2.49291e-16
5.28263e+10 0.0176073 -0.168491 2.49291e-16
5.28579e+10 0.0177779 -0.168484 2.56413e-16
5.28895e+10 0.0179486 -0.168476 2.56413e-16
5.2921e+10 0.0181191 -0.168468 2.49291e-16
5.29526e+10 0.0182897 -0.168459 2.49291e-16
5.29841e+10 0.0184601 -0.16845 2.42168e-16
5.30157e+10 0.0186306 -0.16844 2.42168e-16
5.30472e+10 0.018801 -0.16843 2.49291e-16
5.30788e+10 0.0189713 -0.16842 2.42168e-16
5.31104e+10 0.0191416 -0.168409 2.35046e-16
5.31419e+10 0.0193118 -0.168397 2.27923e-16
5.31735e+10 0.019482 -0.168386 2.27923e-16
5.3205e+10 0.0196521 -0.168373 2.35046e-16
5.32366e+10 0.0198222 -0.168361 2.208e-16
5.32681e+10 0.0199923 -0.168348 2.208e-16
5.32997e+10 0.0201622 -0.168334 2.35046e-16
5.33312e+10 0.0203322 -0.16832 2.27923e-16
5.33628e+10 0.020502 -0.168306 2.35046e-16
5.33944e+10 0.0206719 -0.168291 2.27923e-16
5.34259e+10 0.0208416 -0.168276 2.208e-16
5.34575e+10 0.0210113 -0.16826 2.13678e-16
5.3489e+10 0.021181 -0.168244 2.06555e-16
5.35206e+10 0.0213506 -0.168227 2.06555e-16
5.35521e+10 0.0215202 -0.16821 2.13678e-16
5.35837e+10 0.0216897 -0.168192 2.13678e-16
5.36153e+10 0.0218591 -0.168175 1.99433e-16
5.36468e+10 0.0220285 -0.168156 2.13678e-16
5.36784e+10 0.0221978 -0.168137 2.208e-16
5.37099e+10 0.0223671 -0.168118 2.27923e-16
5.37415e+10 0.0225363 -0.168098 2.208e-16
5.3773e+10 0.0227054 -0.168078 2.13678e-16
5.38046e+10 0.0228745 -0.168058 2.27923e-16
5.38362e+10 0.0230435 -0.168037 2.06555e-16
5.38677e+10 0.0232125 -0.168015 2.06555e-16
5.38993e+10 0.0233814 -0.167994 2.13678e-16
5.39308e+10 0.0235502 -0.167971 2.06555e-16
5.39624e+10 0.023719 -0.167949 2.208e-16
5.39939e+10 0.0238878 -0.167925 2.208e-16
5.40255e+10 0.0240564 -0.167902 2.208e-16
5.40571e+10 0.024225 -0.167878 2.13678e-16
5.40886e+10 0.0243936 -0.167853 2.35046e-16
5.41202e+10 0.024562 -0.167828 2.35046e-16
5.41517e+10 0.0247304 -0.167803 2.35046e-16
5.41833e+10 0.0248988 -0.167777 2.35046e-16
5.42148e+10 0.0250671 -0.167751 2.35046e-16
5.42464e+10 0.0252353 -0.167724 2.35046e-16
5.4278e+10 0.0254034 -0.167697 2.35046e-16
5.43095e+10 0.0255715 -0.16767 2.27923e-16
5.43411e+10 0.0257395 -0.167642 2.208e-16
5.43726e+10 0.0259075 -0.167613 2.208e-16
5.44042e+10 0.0260754 -0.167585 2.13678e-16
5.44357e+10 0.0262432 -0.167555 2.13678e-16
5.44673e+10 0.0264109 -0.167526 2.13678e-16
5.44989e+10 0.0265786 -0.167495 2.208e-16
5.45304e+10 0.0267462 -0.167465 1.99433e-16
5.4562e+10 0.0269138 -0.167434 2.208e-16
5.45935e+10 0.0270812 -0.167402 2.27923e-16
5.46251e+10 0.0272486 -0.167371 2.13678e-16
5.46566e+10 0.027416 -0.167338 2.13678e-16
5.46882e+10 0.0275832 -0.167305 2.06555e-16
5.47198e+10 0.0277504 -0.167272 1.99433e-16
5.47513e+10 0.0279175 -0.167239 1.99433e-16
5.47829e+10 0.0280846 -0.167205 2.06555e-16
5.48144e+10 0.0282515 -0.16717 1.99433e-16
5.4846e+10 0.0284184 -0.167135 2.06555e-16
5.48775e+10 0.0285852 -0.1671 1.9231e-16
5.49091e+10 0.028752 -0.167064 1.99433e-16
5.49407e+10 0.0289187 -0.167028 1.99433e-16
5.49722e+10 0.0290853 -0.166991 1.99433e-16
5.50038e+10 0.0292518 -0.166954 1.99433e-16
5.50353e+10 0.0294182 -0.166916 1.99433e-16
5.50669e+10 0.0295846 -0.166878 1.99433e-16
5.50984e+10 0.0297509 -0.16684 2.06555e-16
5.513e+10 0.0299171 -0.166801 2.06555e-16
5.51616e+10 0.0300832 -0.166762 1.99433e-16
5.51931e+10 0.0302493 -0.166722 2.06555e-16
5.52247e+10 0.0304153 -0.166682 2.208e-16
5.52562e+10 0.0305812 -0.166641 2.13678e-16
5.52878e+10 0.030747 -0.1666 2.208e-16
5.53193e+10 0.0309127 -0.166559 2.06555e-16
5.53509e+10 0.0310784 -0.166517 2.06555e-16
5.53825e+10 0.0312439 -0.166475 2.13678e-16
5.5414e+10 0.0314094 -0.166432 2.13678e-16
5.54456e+10 0.0315749 -0.166389 2.13678e-16
5.54771e+10 0.0317402 -0.166345 2.06555e-16
5.55087e+10 0.0319054 -0.166301 2.06555e-16
5.55402e+10 0.0320706 -0.166257 2.13678e-16
5.55718e+10 0.0322357 -0.166212 1.99433e-16
5.56033e+10 0.0324007 -0.166166 1.99433e-16
5.56349e+10 0.0325656 -0.166121 2.06555e-16
5.56665e+10 0.0327304 -0.166074 2.06555e-16
5.5698e+10 0.0328951 -0.166028 2.06555e-16
5.57296e+10 0.0330598 -0.165981 1.99433e-16
5.57611e+10 0.0332244 -0.165933 1.99433e-16
5.57927e+10 0.0333889 -0.165885 2.06555e-16
5.58242e+10 0.0335532 -0.165837 1.99433e-16
5.58558e+10 0.0337176 -0.165788 1.99433e-16
5.58874e+10 0.0338818 -0.165739 2.13678e-16
5.59189e+10 0.0340459 -0.165689 2.208e-16
5.59505e+10 0.0342099 -0.165639 2.208e-16
5.5982e+10 0.0343739 -0.165588 2.13678e-16
5.60136e+10 0.0345377 -0.165537 2.208e-16
5.60451e+10 0.0347015 -0.165486 2.13678e-16
5.60767e+10 0.0348652 -0.165434 2.13678e-16
5.61083e+10 0.0350288 -0.165382 2.13678e-16
5.61398e+10 0.0351923 -0.165329 2.06555e-16
5.61714e+10 0.0353557 -0.165276 1.99433e-16
5.62029e+10 0.035519 -0.165222 1.99433e-16
5.62345e+10 0.0356822 -0.165168 2.06555e-16
5.6266e+10 0.0358453 -0.165113 1.99433e-16
5.62976e+10 0.0360084 -0.165059 2.06555e-16
5.63292e+10 0.0361713 -0.165003 1.99433e-16
5.63607e+10 0.0363341 -0.164947 1.9231e-16
5.63923e+10 0.0364969 -0.164891 1.85187e-16
5.64238e+10 0.0366595 -0.164835 1.9231e-16
5.64554e+10 0.0368221 -0.164777 1.99433e-16
5.64869e+10 0.0369845 -0.16472 1.99433e-16
5.65185e+10 0.0371469 -0.164662 1.99433e-16
5.65501e+10 0.0373091 -0.164604 1.99433e-16
5.65816e+10 0.0374713 -0.164545 2.06555e-16
5.66132e+10 0.0376333 -0.164486 2.06555e-16
5.66447e+10 0.0377953 -0.164426 2.06555e-16
5.66763e+10 0.0379572 -0.164366 1.99433e-16
5.67078e+10 0.0381189 -0.164305 2.06555e-16
5.67394e+10 0.0382806 -0.164244 2.06555e-16
5.6771e+10 0.0384421 -0.164183 1.99433e-16
5.68025e+10 0.0386036 -0.164121 2.13678e-16
5.68341e+10 0.038765 -0.164059 2.13678e-16
5.68656e+10 0.0389262 -0.163996 2.06555e-16
5.68972e+10 0.0390874 -0.163933 1.99433e-16
5.69287e+10 0.0392484 -0.163869 1.99433e-16
5.69603e+10 0.0394093 -0.163805 1.99433e-16
5.69919e+10 0.0395702 -0.163741 2.06555e-16
5.70234e+10 0.0397309 -0.163676 2.06555e-16
5.7055e+10 0.0398915 -0.16361 1.9231e-16
5.70865e+10 0.0400521 -0.163545 1.99433e-16
5.71181e+10 0.0402125 -0.163478 1.99433e-16
5.71496e+10 0.0403728 -0.163412 1.99433e-16
5.71812e+10 0.040533 -0.163345 1.9231e-16
5.72128e+10 0.0406931 -0.163277 1.99433e-16
5.72443e+10 0.0408531 -0.163209 1.9231e-16
5.72759e+10 0.0410129 -0.163141 1.85187e-16
5.73074e+10 0.0411727 -0.163072 1.99433e-16
5.7339e+10 0.0413323 -0.163003 1.85187e-16
5.73705e+10 0.0414919 -0.162933 1.9231e-16
5.74021e+10 0.0416513 -0.162863 1.99433e-16
5.74337e+10 0.0418107 -0.162792 2.06555e-16
5.74652e+10 0.0419699 -0.162721 2.13678e-16
5.74968e+10 0.042129 -0.16265 2.06555e-16
5.75283e+10 0.042288 -0.162578 2.13678e-16
5.75599e+10 0.0424468 -0.162506 2.208e-16
5.75914e+10 0.0426056 -0.162433 2.208e-16
5.7623e+10 0.0427642 -0.16236 2.27923e-16
5.76546e+10 0.0429228 -0.162286 2.27923e-16
5.76861e+10 0.0430812 -0.162212 2.208e-16
5.77177e+10 0.0432395 -0.162138 2.27923e-16
5.77492e+10 0.0433977 -0.162063 2.208e-16
5.77808e+10 0.0435557 -0.161988 2.208e-16
5.78123e+10 0.0437137 -0.161912 2.06555e-16
5.78439e+10 0.0438715 -0.161836 2.13678e-16
5.78754e+10 0.0440292 -0.161759 2.208e-16
5.7907e+10 0.0441868 -0.161682 2.208e-16
5.79386e+10 0.0443443 -0.161604 2.27923e-16
5.79701e+10 0.0445017 -0.161526 2.208e-16
5.80017e+10 0.0446589 -0.161448 2.13678e-16
5.80332e+10 0.044816 -0.161369 2.208e-16
5.80648e+10 0.044973 -0.16129 2.208e-16
5.80963e+10 0.0451299 -0.16121 2.208e-16
5.81279e+10 0.0452866 -0.16113 2.208e-16
5.81595e+10 0.0454433 -0.16105 2.27923e-16
5.8191e+10 0.0455998 -0.160969 2.208e-16
5.82226e+10 0.0457562 -0.160887 2.27923e-16
5.82541e+10 0.0459124 -0.160805 2.13678e-16
5.82857e+10 0.0460686 -0.160723 2.208e-16
5.83172e+10 0.0462246 -0.16064 2.208e-16
5.83488e+10 0.0463805 -0.160557 2.27923e-16
5.83804e+10 0.0465362 -0.160473 2.208e-16
5.84119e+10 0.0466919 -0.160389 2.208e-16
5.84435e+10 0.0468474 -0.160305 2.13678e-16
5.8475e+10 0.0470027 -0.16022 2.13678e-16
5.85066e+10 0.047158 -0.160135 2.208e-16
5.85381e+10 0.0473131 -0.160049 2.06555e-16
5.85697e+10 0.0474681 -0.159962 2.13678e-16
5.86013e+10 0.047623 -0.159876 2.13678e-16
5.86328e+10 0.0477777 -0.159789 2.17239e-16
5.86644e+10 0.0479323 -0.159701 2.10116e-16
5.86959e+10 0.0480868 -0.159613 1.99433e-16
5.87275e+10 0.0482411 -0.159525 1.9231e-16
5.8759e+10 0.0483953 -0.159436 1.85187e-16
5.87906e+10 0.0485494 -0.159347 1.88749e-16
5.88222e+10 0.0487033 -0.159257 1.85187e-16
5.88537e+10 0.0488571 -0.159167 1.88749e-16
5.88853e+10 0.0490108 -0.159076 1.88749e-16
5.89168e+10 0.0491643 -0.158985 1.95871e-16
5.89484e+10 0.0493178 -0.158894 1.88749e-16
5.89799e+10 0.049471 -0.158802 1.95871e-16
5.90115e+10 0.0496242 -0.158709 1.88749e-16
5.90431e+10 0.0497771 -0.158616 1.81626e-16
5.90746e+10 0.04993 -0.158523 1.78065e-16
5.91062e+10 0.0500827 -0.15843 1.74504e-16
5.91377e+10 0.0502353 -0.158335 1.81626e-16
5.91693e+10 0.0503877 -0.158241 1.60258e-16
5.92008e+10 0.05054 -0.158146 1.60258e-16
5.92324e+10 0.0506922 -0.15805 1.60258e-16
5.9264e+10 0.0508442 -0.157955 1.56697e-16
5.92955e+10 0.0509961 -0.157858 1.53136e-16
5.93271e+10 0.0511478 -0.157762 1.60258e-16
5.93586e+10 0.0512994 -0.157664 1.60258e-16
5.93902e+10 0.0514509 -0.157567 1.53136e-16
5.94217e+10 0.0516022 -0.157469 1.56697e-16
5.94533e+10 0.0517534 -0.15737 1.67381e-16
5.94849e+10 0.0519044 -0.157271 1.56697e-16
5.95164e+10 0.0520553 -0.157172 1.56697e-16
5.9548e+10 0.052206 -0.157072 1.60258e-16
5.95795e+10 0.0523566 -0.156972 1.60258e-16
5.96111e+10 0.052507 -0.156871 1.53136e-16
5.96426e+10 0.0526573 -0.15677 1.49574e-16
5.96742e+10 0.0528075 -0.156668 1.49574e-16
5.97058e+10 0.0529574 -0.156566 1.42452e-16
5.97373e+10 0.0531073 -0.156464 1.53136e-16
5.97689e+10 0.053257 -0.156361 1.53136e-16
5.98004e+10 0.0534065 -0.156258 1.46013e-16
5.9832e+10 0.0535559 -0.156154 1.38891e-16
5.98635e+10 0.0537052 -0.15605 1.46013e-16
5.98951e+10 0.0538543 -0.155945 1.46013e-16
5.99267e+10 0.0540032 -0.15584 1.42452e-16
5.99582e+10 0.054152 -0.155734 1.46013e-16
5.99898e+10 0.0543006 -0.155628 1.56697e-16
6.00213e+10 0.0544491 -0.155522 1.6382e-16
6.00529e+10 0.0545975 -0.155415 1.60258e-16
6.00844e+10 0.0547456 -0.155308 1.56697e-16
6.0116e+10 0.0548937 -0.1552 1.56697e-16
6.01476e+10 0.0550415 -0.155092 1.56697e-16
6.01791e+10 0.0551892 -0.154983 1.56697e-16
6.02107e+10 0.0553368 -0.154874 1.53136e-16
6.02422e+10 0.0554842 -0.154765 1.6382e-16
6.02738e+10 0.0556314 -0.154655 1.6382e-16
6.03053e+10 0.0557785 -0.154544 1.67381e-16
6.03369e+10 0.0559254 -0.154434 1.67381e-16
6.03684e+10 0.0560721 -0.154322 1.81626e-16
6.04e+10 0.0562187 -0.154211 1.78065e-16
6.04316e+10 0.0563652 -0.154099 1.88749e-16
6.04631e+10 0.0565114 -0.153986 1.85187e-16
6.04947e+10 0.0566575 -0.153873 1.74504e-16
6.05262e+10 0.0568035 -0.153759 1.74504e-16
6.05578e+10 0.0569493 -0.153645 1.78065e-16
6.05893e+10 0.0570949 -0.153531 1.81626e-16
6.06209e+10 0.0572403 -0.153416 1.81626e-16
6.06525e+10 0.0573856 -0.153301 1.81626e-16
6.0684e+10 0.0575307 -0.153185 1.74504e-16
6.07156e+10 0.0576757 -0.153069 1.81626e-16
6.07471e+10 0.0578205 -0.152953 1.74504e-16
6.07787e+10 0.0579651 -0.152836 1.85187e-16
6.08102e+10 0.0581095 -0.152718 1.85187e-16
6.08418e+10 0.0582538 -0.1526 1.78065e-16
6.08734e+10 0.0583979 -0.152482 1.88749e-16
6.09049e+10 0.0585419 -0.152363 1.9231e-16
6.09365e+10 0.0586856 -0.152244 1.88749e-16
6.0968e+10 0.0588292 -0.152124 1.88749e-16
6.09996e+10 0.0589727 -0.152004 1.9231e-16
6.10311e+10 0.0591159 -0.151883 1.9231e-16
6.10627e+10 0.059259 -0.151762 1.85187e-16
6.10943e+10 0.0594019 -0.151641 1.88749e-16
6.11258e+10 0.0595447 -0.151519 1.9231e-16
6.11574e+10 0.0596872 -0.151397 1.88749e-16
6.11889e+10 0.0598296 -0.151274 1.81626e-16
6.12205e+10 0.0599718 -0.15115 1.88749e-16
6.1252e+10 0.0601138 -0.151027 1.88749e-16
6.12836e+10 0.0602557 -0.150903 1.85187e-16
6.13152e+10 0.0603974 -0.150778 1.85187e-16
6.13467e+10 0.0605389 -0.150653 1.99433e-16
6.13783e+10 0.0606802 -0.150528 1.9231e-16
6.14098e+10 0.0608213 -0.150402 1.88749e-16
6.14414e+10 0.0609623 -0.150275 1.88749e-16
6.14729e+10 0.061103 -0.150148 1.99433e-16
6.15045e+10 0.0612436 -0.150021 1.88749e-16
6.15361e+10 0.061384 -0.149893 1.9231e-16
6.15676e+10 0.0615243 -0.149765 1.88749e-16
6.15992e+10 0.0616643 -0.149637 1.88749e-16
6.16307e+10 0.0618042 -0.149508 1.9231e-16
6.16623e+10 0.0619438 -0.149378 1.85187e-16
6.16938e+10 0.0620833 -0.149248 1.85187e-16
6.17254e+10 0.0622226 -0.149118 1.88749e-16
6.1757e+10 0.0623617 -0.148987 1.81626e-16
6.17885e+10 0.0625007 -0.148855 1.9231e-16
6.18201e+10 0.0626394 -0.148724 1.81626e-16
6.18516e+10 0.062778 -0.148592 1.88749e-16
6.18832e+10 0.0629163 -0.148459 1.81626e-16
6.19147e+10 0.0630545 -0.148326 1.81626e-16
6.19463e+10 0.0631925 -0.148192 1.85187e-16
6.19779e+10 0.0633302 -0.148058 1.88749e-16
6.20094e+10 0.0634678 -0.147924 1.9231e-16
6.2041e+10 0.0636052 -0.147789 1.85187e-16
6.20725e+10 0.0637424 -0.147654 1.85187e-16
6.21041e+10 0.0638795 -0.147518 1.81626e-16
6.21356e+10 0.0640163 -0.147381 1.78065e-16
6.21672e+10 0.0641529 -0.147245 1.78065e-16
6.21988e+10 0.0642893 -0.147108 1.67381e-16
6.22303e+10 0.0644256 -0.14697 1.74504e-16
6.22619e+10 0.0645616 -0.146832 1.6382e-16
6.22934e+10 0.0646974 -0.146693 1.60258e-16
6.2325e+10 0.064833 -0.146555 1.67381e-16
6.23565e+10 0.0649685 -0.146415 1.6382e-16
6.23881e+10 0.0651037 -0.146275 1.56697e-16
6.24197e+10 0.0652387 -0.146135 1.53136e-16
6.24512e+10 0.0653736 -0.145994 1.60258e-16
6.24828e+10 0.0655082 -0.145853 1.6382e-16
6.25143e+10 0.0656426 -0.145711 1.53136e-16
6.25459e+10 0.0657768 -0.145569 1.53136e-16
6.25774e+10 0.0659109 -0.145427 1.6382e-16
6.2609e+10 0.0660447 -0.145284 1.60258e-16
6.26405e+10 0.0661783 -0.14514 1.56697e-16
6.26721e+10 0.0663117 -0.144996 1.46013e-16
6.27037e+10 0.0664449 -0.144852 1.49574e-16
6.27352e+10 0.0665778 -0.144707 1.38891e-16
6.27668e+10 0.0667106 -0.144562 1.42452e-16
6.27983e+10 0.0668432 -0.144416 1.35329e-16
6.28299e+10 0.0669755 -0.14427 1.49574e-16
6.28614e+10 0.0671077 -0.144123 1.46013e-16
6.2893e+10 0.0672396 -0.143976 1.49574e-16
6.29246e+10 0.0673713 -0.143828 1.49574e-16
6.29561e+10 0.0675028 -0.14368 1.56697e-16
6.29877e+10 0.0676341 -0.143532 1.49574e-16
6.30192e+10 0.0677652 -0.143383 1.46013e-16
6.30508e+10 0.067896 -0.143233 1.46013e-16
6.30823e+10 0.0680267 -0.143084 1.35329e-16
6.31139e+10 0.0681571 -0.142933 1.35329e-16
6.31455e+10 0.0682873 -0.142783 1.46013e-16
6.3177e+10 0.0684173 -0.142631 1.31768e-16
6.32086e+10 0.0685471 -0.14248 1.38891e-16
6.32401e+10 0.0686766 -0.142328 1.28207e-16
6.32717e+10 0.068806 -0.142175 1.42452e-16
6.33032e+10 0.0689351 -0.142022 1.42452e-16
6.33348e+10 0.0690639 -0.141868 1.42452e-16
6.33664e+10 0.0691926 -0.141714 1.38891e-16
6.33979e+10 0.0693211 -0.14156 1.31768e-16
