DIM 3
BH_DATA
0 0 0
EVOLUTION_DATA
0 0.0549 -0.1552 0
3.1557e+07 0.0549 -0.1552 0
6.31139e+07 0.0550479 -0.155092 -3.5613e-18
9.46709e+07 0.0551956 -0.154983 -3.5613e-18
1.26228e+08 0.0553431 -0.154874 0
1.57785e+08 0.0554905 -0.154765 0
1.89342e+08 0.0556377 -0.154655 -1.06839e-17
2.20899e+08 0.0557848 -0.154544 -3.5613e-18
2.52456e+08 0.0559317 -0.154434 -3.5613e-18
2.84013e+08 0.0560785 -0.154322 0
3.1557e+08 0.056225 -0.154211 7.12259e-18
3.47126e+08 0.0563715 -0.154098 -3.5613e-18
3.78683e+08 0.0565177 -0.153986 0
4.1024e+08 0.0566638 -0.153873 -3.5613e-18
4.41797e+08 0.0568098 -0.153759 1.06839e-17
4.73354e+08 0.0569556 -0.153645 7.12259e-18
5.04911e+08 0.0571012 -0.153531 1.42452e-17
5.36468e+08 0.0572466 -0.153416 1.42452e-17
5.68025e+08 0.0573919 -0.153301 7.12259e-18
5.99582e+08 0.057537 -0.153185 7.12259e-18
6.31139e+08 0.057682 -0.153069 7.12259e-18
6.62696e+08 0.0578268 -0.152953 7.12259e-18
6.94253e+08 0.0579714 -0.152836 1.06839e-17
7.2581e+08 0.0581158 -0.152718 2.13678e-17
7.57367e+08 0.0582601 -0.1526 1.78065e-17
7.88924e+08 0.0584042 -0.152482 1.42452e-17
8.20481e+08 0.0585482 -0.152363 1.06839e-17
8.52038e+08 0.0586919 -0.152244 1.06839e-17
8.83595e+08 0.0588355 -0.152124 3.5613e-18
9.15152e+08 0.058979 -0.152004 1.06839e-17
9.46709e+08 0.0591222 -0.151883 7.12259e-18
9.78266e+08 0.0592653 -0.151762 1.06839e-17
1.00982e+09 0.0594082 -0.151641 3.5613e-18
1.04138e+09 0.0595509 -0.151519 7.12259e-18
1.07294e+09 0.0596935 -0.151397 7.12259e-18
1.10449e+09 0.0598359 -0.151274 1.78065e-17
1.13605e+09 0.0599781 -0.151151 1.06839e-17
1.16761e+09 0.0601201 -0.151027 1.42452e-17
1.19916e+09 0.0602619 -0.150903 1.78065e-17
1.23072e+09 0.0604036 -0.150778 2.49291e-17
1.26228e+09 0.0605451 -0.150653 2.49291e-17
1.29384e+09 0.0606864 -0.150528 2.13678e-17
1.32539e+09 0.0608275 -0.150402 2.13678e-17
1.35695e+09 0.0609685 -0.150275 2.84904e-17
1.38851e+09 0.0611093 -0.150148 1.78065e-17
1.42006e+09 0.0612499 -0.150021 1.78065e-17
1.45162e+09 0.0613903 -0.149893 2.13678e-17
1.48318e+09 0.0615305 -0.149765 1.42452e-17
1.51473e+09 0.0616705 -0.149637 1.06839e-17
1.54629e+09 0.0618104 -0.149508 1.42452e-17
1.57785e+09 0.0619501 -0.149378 1.78065e-17
1.6094e+09 0.0620895 -0.149248 3.5613e-18
1.64096e+09 0.0622288 -0.149118 0
1.67252e+09 0.062368 -0.148987 3.5613e-18
1.70408e+09 0.0625069 -0.148856 7.12259e-18
1.73563e+09 0.0626456 -0.148724 1.06839e-17
1.76719e+09 0.0627842 -0.148592 3.5613e-18
1.79875e+09 0.0629225 -0.148459 1.06839e-17
1.8303e+09 0.0630607 -0.148326 7.12259e-18
1.86186e+09 0.0631987 -0.148192 7.12259e-18
1.89342e+09 0.0633364 -0.148058 3.5613e-18
1.92497e+09 0.063474 -0.147924 1.06839e-17
1.95653e+09 0.0636114 -0.147789 0
1.98809e+09 0.0637486 -0.147654 -7.12259e-18
2.01964e+09 0.0638856 -0.147518 0
2.0512e+09 0.0640224 -0.147382 7.12259e-18
2.08276e+09 0.0641591 -0.147245 7.12259e-18
2.11432e+09 0.0642955 -0.147108 3.5613e-18
2.14587e+09 0.0644317 -0.14697 -3.5613e-18
2.17743e+09 0.0645677 -0.146832 0
2.20899e+09 0.0647036 -0.146694 3.5613e-18
2.24054e+09 0.0648392 -0.146555 1.42452e-17
2.2721e+09 0.0649746 -0.146415 1.42452e-17
2.30366e+09 0.0651099 -0.146275 7.12259e-18
2.33521e+09 0.0652449 -0.146135 -1.06839e-17
2.36677e+09 0.0653797 -0.145994 -3.5613e-18
2.39833e+09 0.0655143 -0.145853 0
2.42989e+09 0.0656488 -0.145712 -7.12259e-18
2.46144e+09 0.065783 -0.145569 -7.12259e-18
2.493e+09 0.065917 -0.145427 -7.12259e-18
2.52456e+09 0.0660508 -0.145284 -1.42452e-17
2.55611e+09 0.0661844 -0.14514 -3.5613e-18
2.58767e+09 0.0663178 -0.144996 0
2.61923e+09 0.066451 -0.144852 -7.12259e-18
2.65078e+09 0.066584 -0.144707 -3.5613e-18
2.68234e+09 0.0667167 -0.144562 3.5613e-18
2.7139e+09 0.0668493 -0.144416 3.5613e-18
2.74545e+09 0.0669816 -0.14427 3.5613e-18
2.77701e+09 0.0671138 -0.144123 7.12259e-18
2.80857e+09 0.0672457 -0.143976 7.12259e-18
2.84013e+09 0.0673774 -0.143829 3.5613e-18
2.87168e+09 0.0675089 -0.143681 1.78065e-17
2.90324e+09 0.0676402 -0.143532 1.06839e-17
2.9348e+09 0.0677713 -0.143383 1.42452e-17
2.96635e+09 0.0679021 -0.143234 2.13678e-17
2.99791e+09 0.0680328 -0.143084 1.42452e-17
3.02947e+09 0.0681632 -0.142934 2.13678e-17
3.06102e+09 0.0682934 -0.142783 2.49291e-17
3.09258e+09 0.0684234 -0.142632 1.42452e-17
3.12414e+09 0.0685531 -0.14248 1.42452e-17
3.1557e+09 0.0686827 -0.142328 1.78065e-17
3.18725e+09 0.068812 -0.142175 2.13678e-17
3.21881e+09 0.0689411 -0.142022 2.13678e-17
3.25037e+09 0.06907 -0.141869 1.78065e-17
3.28192e+09 0.0691987 -0.141715 2.84904e-17
3.31348e+09 0.0693271 -0.14156 2.49291e-17
3.34504e+09 0.0694553 -0.141406 2.84904e-17
3.37659e+09 0.0695833 -0.14125 2.13678e-17
3.40815e+09 0.0697111 -0.141094 2.49291e-17
3.43971e+09 0.0698386 -0.140938 1.42452e-17
3.47126e+09 0.0699659 -0.140782 1.78065e-17
3.50282e+09 0.070093 -0.140624 1.78065e-17
3.53438e+09 0.0702198 -0.140467 1.78065e-17
3.56594e+09 0.0703464 -0.140309 1.42452e-17
3.59749e+09 0.0704728 -0.14015 1.42452e-17
3.62905e+09 0.070599 -0.139991 2.13678e-17
3.66061e+09 0.0707249 -0.139832 1.78065e-17
3.69216e+09 0.0708506 -0.139672 2.13678e-17
3.72372e+09 0.070976 -0.139511 1.78065e-17
3.75528e+09 0.0711013 -0.13935 1.78065e-17
3.78683e+09 0.0712263 -0.139189 2.49291e-17
3.81839e+09 0.071351 -0.139027 1.42452e-17
3.84995e+09 0.0714755 -0.138865 1.06839e-17
3.88151e+09 0.0715998 -0.138702 1.42452e-17
3.91306e+09 0.0717238 -0.138539 2.13678e-17
3.94462e+09 0.0718476 -0.138376 3.5613e-18
3.97618e+09 0.0719712 -0.138212 7.12259e-18
4.00773e+09 0.0720945 -0.138047 1.06839e-17
4.03929e+09 0.0722176 -0.137882 3.5613e-18
4.07085e+09 0.0723404 -0.137716 0
4.1024e+09 0.072463 -0.137551 -1.78065e-18
4.13396e+09 0.0725853 -0.137384 -1.06839e-17
4.16552e+09 0.0727074 -0.137217 -7.12259e-18
4.19707e+09 0.0728293 -0.13705 -1.06839e-17
4.22863e+09 0.0729509 -0.136882 -1.78065e-17
4.26019e+09 0.0730722 -0.136714 -1.24645e-17
4.29175e+09 0.0731933 -0.136545 -8.90324e-18
4.3233e+09 0.0733142 -0.136376 -1.78065e-17
4.35486e+09 0.0734348 -0.136206 -1.06839e-17
4.38642e+09 0.0735551 -0.136036 -7.12259e-18
4.41797e+09 0.0736752 -0.135866 -1.06839e-17
4.44953e+09 0.0737951 -0.135694 -1.24645e-17
4.48109e+09 0.0739147 -0.135523 -1.78065e-17
4.51264e+09 0.074034 -0.135351 -5.34194e-18
4.5442e+09 0.0741531 -0.135178 -5.34194e-18
4.57576e+09 0.0742719 -0.135006 -7.12259e-18
4.60731e+09 0.0743905 -0.134832 -7.12259e-18
4.63887e+09 0.0745088 -0.134658 -1.78065e-18
4.67043e+09 0.0746269 -0.134484 -3.5613e-18
4.70199e+09 0.0747447 -0.134309 -1.42452e-17
4.73354e+09 0.0748622 -0.134134 -1.60258e-17
4.7651e+09 0.0749795 -0.133958 -2.13678e-17
4.79666e+09 0.0750965 -0.133782 -2.49291e-17
4.82821e+09 0.0752132 -0.133605 -2.13678e-17
4.85977e+09 0.0753297 -0.133428 -2.49291e-17
4.89133e+09 0.0754459 -0.13325 -1.78065e-17
4.92288e+09 0.0755619 -0.133072 -2.31484e-17
4.95444e+09 0.0756775 -0.132894 -3.20517e-17
4.986e+09 0.0757929 -0.132715 -3.5613e-17
5.01756e+09 0.0759081 -0.132535 -2.84904e-17
5.04911e+09 0.076023 -0.132355 -2.49291e-17
5.08067e+09 0.0761376 -0.132175 -3.20517e-17
5.11223e+09 0.0762519 -0.131994 -2.84904e-17
5.14378e+09 0.0763659 -0.131812 -3.20517e-17
5.17534e+09 0.0764797 -0.131631 -3.20517e-17
5.2069e+09 0.0765932 -0.131448 -3.5613e-17
5.23845e+09 0.0767064 -0.131265 -3.38323e-17
5.27001e+09 0.0768194 -0.131082 -3.20517e-17
5.30157e+09 0.0769321 -0.130898 -4.27356e-17
5.33312e+09 0.0770445 -0.130714 -3.91743e-17
5.36468e+09 0.0771566 -0.130529 -4.09549e-17
5.39624e+09 0.0772684 -0.130344 -4.09549e-17
5.4278e+09 0.07738 -0.130159 -4.62968e-17
5.45935e+09 0.0774912 -0.129972 -5.52001e-17
5.49091e+09 0.0776022 -0.129786 -5.16388e-17
5.52247e+09 0.0777129 -0.129599 -5.52001e-17
5.55402e+09 0.0778234 -0.129411 -6.0542e-17
5.58558e+09 0.0779335 -0.129223 -5.16388e-17
5.61714e+09 0.0780433 -0.129035 -4.27356e-17
5.64869e+09 0.0781529 -0.128846 -4.27356e-17
5.68025e+09 0.0782621 -0.128656 -4.27356e-17
5.71181e+09 0.0783711 -0.128466 -4.45162e-17
5.74337e+09 0.0784798 -0.128276 -4.45162e-17
5.77492e+09 0.0785882 -0.128085 -4.62968e-17
5.80648e+09 0.0786963 -0.127893 -4.45162e-17
5.83804e+09 0.0788041 -0.127701 -4.62968e-17
5.86959e+09 0.0789116 -0.127509 -4.09549e-17
5.90115e+09 0.0790188 -0.127316 -3.91743e-17
5.93271e+09 0.0791257 -0.127123 -4.09549e-17
5.96426e+09 0.0792323 -0.126929 -5.16388e-17
5.99582e+09 0.0793386 -0.126735 -4.98581e-17
6.02738e+09 0.0794446 -0.12654 -4.62968e-17
6.05893e+09 0.0795504 -0.126345 -4.80775e-17
6.09049e+09 0.0796558 -0.126149 -4.27356e-17
6.12205e+09 0.0797609 -0.125953 -5.16388e-17
6.15361e+09 0.0798657 -0.125756 -4.45162e-17
6.18516e+09 0.0799701 -0.125559 -4.98581e-17
6.21672e+09 0.0800743 -0.125362 -4.80775e-17
6.24828e+09 0.0801782 -0.125163 -4.98581e-17
6.27983e+09 0.0802818 -0.124965 -4.45162e-17
6.31139e+09 0.080385 -0.124766 -4.45162e-17
6.34295e+09 0.080488 -0.124566 -4.80775e-17
6.3745e+09 0.0805906 -0.124366 -4.09549e-17
6.40606e+09 0.0806929 -0.124166 -5.52001e-17
6.43762e+09 0.0807949 -0.123964 -5.52001e-17
6.46918e+09 0.0808966 -0.123763 -5.34194e-17
6.50073e+09 0.0809979 -0.123561 -5.52001e-17
6.53229e+09 0.081099 -0.123358 -5.16388e-17
6.56385e+09 0.0811997 -0.123156 -4.80775e-17
6.5954e+09 0.0813001 -0.122952 -4.80775e-17
6.62696e+09 0.0814002 -0.122748 -5.16388e-17
6.65852e+09 0.0815 -0.122544 -5.60904e-17
6.69007e+09 0.0815994 -0.122339 -5.16388e-17
6.72163e+09 0.0816985 -0.122133 -5.52001e-17
6.75319e+09 0.0817973 -0.121927 -5.96517e-17
6.78474e+09 0.0818958 -0.121721 -5.78711e-17
6.8163e+09 0.0819939 -0.121514 -6.67743e-17
6.84786e+09 0.0820917 -0.121307 -6.0542e-17
6.87942e+09 0.0821891 -0.121099 -4.98581e-17
6.91097e+09 0.0822863 -0.120891 -5.60904e-17
6.94253e+09 0.0823831 -0.120682 -5.52001e-17
6.97409e+09 0.0824795 -0.120472 -5.52001e-17
7.00564e+09 0.0825757 -0.120263 -4.54065e-17
7.0372e+09 0.0826715 -0.120052 -4.89678e-17
7.06876e+09 0.0827669 -0.119842 -4.89678e-17
7.10031e+09 0.082862 -0.11963 -4.62968e-17
7.13187e+09 0.0829568 -0.119418 -5.16388e-17
7.16343e+09 0.0830512 -0.119206 -4.45162e-17
7.19499e+09 0.0831453 -0.118993 -4.18452e-17
7.22654e+09 0.0832391 -0.11878 -5.34194e-17
7.2581e+09 0.0833325 -0.118566 -4.71872e-17
7.28966e+09 0.0834255 -0.118352 -5.16388e-17
7.32121e+09 0.0835182 -0.118137 -5.69807e-17
7.35277e+09 0.0836106 -0.117922 -5.52001e-17
7.38433e+09 0.0837026 -0.117706 -6.14324e-17
7.41588e+09 0.0837942 -0.11749 -5.78711e-17
7.44744e+09 0.0838855 -0.117273 -6.41033e-17
7.479e+09 0.0839764 -0.117056 -6.67743e-17
7.51055e+09 0.084067 -0.116838 -5.87614e-17
7.54211e+09 0.0841572 -0.11662 -6.0542e-17
7.57367e+09 0.0842471 -0.116402 -6.41033e-17
7.60523e+09 0.0843366 -0.116182 -6.41033e-17
7.63678e+09 0.0844258 -0.115963 -6.3213e-17
7.66834e+09 0.0845145 -0.115742 -6.67743e-17
7.6999e+09 0.084603 -0.115522 -5.87614e-17
7.73145e+09 0.084691 -0.115301 -7.12259e-17
7.76301e+09 0.0847787 -0.115079 -7.03356e-17
7.79457e+09 0.084866 -0.114857 -6.5884e-17
7.82612e+09 0.0849529 -0.114634 -7.21162e-17
7.85768e+09 0.0850395 -0.114411 -8.05743e-17
7.88924e+09 0.0851257 -0.114187 -8.01292e-17
7.92079e+09 0.0852116 -0.113963 -7.87937e-17
7.95235e+09 0.085297 -0.113738 -8.2355e-17
7.98391e+09 0.0853821 -0.113513 -8.54711e-17
8.01547e+09 0.0854668 -0.113287 -8.2355e-17
8.04702e+09 0.0855511 -0.113061 -8.54711e-17
8.07858e+09 0.085635 -0.112834 -8.90324e-17
8.11014e+09 0.0857186 -0.112607 -8.90324e-17
8.14169e+09 0.0858018 -0.112379 -9.70453e-17
8.17325e+09 0.0858846 -0.112151 -9.17034e-17
8.20481e+09 0.085967 -0.111922 -8.94776e-17
8.23636e+09 0.086049 -0.111693 -9.74905e-17
8.26792e+09 0.0861306 -0.111463 -1.01052e-16
8.29948e+09 0.0862118 -0.111233 -1.03278e-16
8.33104e+09 0.0862927 -0.111002 -1.00607e-16
8.36259e+09 0.0863731 -0.110771 -1.05058e-16
8.39415e+09 0.0864532 -0.110539 -1.09955e-16
8.42571e+09 0.0865328 -0.110307 -1.10845e-16
8.45726e+09 0.0866121 -0.110074 -1.00161e-16
8.48882e+09 0.086691 -0.109841 -1.03055e-16
8.52038e+09 0.0867694 -0.109607 -1.08174e-16
8.55193e+09 0.0868475 -0.109373 -1.05503e-16
8.58349e+09 0.0869251 -0.109138 -1.05058e-16
8.61505e+09 0.0870024 -0.108903 -1.13739e-16
8.6466e+09 0.0870792 -0.108667 -1.04168e-16
8.67816e+09 0.0871556 -0.10843 -1.14629e-16
8.70972e+09 0.0872317 -0.108194 -1.04613e-16
8.74128e+09 0.0873073 -0.107956 -1.11513e-16
8.77283e+09 0.0873824 -0.107718 -1.15297e-16
8.80439e+09 0.0874572 -0.10748 -1.07284e-16
8.83595e+09 0.0875316 -0.107241 -1.09621e-16
8.8675e+09 0.0876055 -0.107002 -1.10066e-16
8.89906e+09 0.087679 -0.106762 -1.16966e-16
8.93062e+09 0.0877521 -0.106521 -1.15909e-16
8.96217e+09 0.0878248 -0.10628 -1.20973e-16
8.99373e+09 0.0878971 -0.106039 -1.13294e-16
9.02529e+09 0.0879689 -0.105797 -1.11124e-16
9.05685e+09 0.0880403 -0.105554 -1.03667e-16
9.0884e+09 0.0881112 -0.105311 -1.09148e-16
9.11996e+09 0.0881818 -0.105068 -1.16146e-16
9.15152e+09 0.0882519 -0.104824 -1.16076e-16
9.18307e+09 0.0883215 -0.104579 -1.1769e-16
9.21463e+09 0.0883908 -0.104334 -1.13127e-16
9.24619e+09 0.0884596 -0.104088 -1.0695e-16
9.27774e+09 0.0885279 -0.103842 -1.07507e-16
9.3093e+09 0.0885958 -0.103596 -1.02165e-16
9.34086e+09 0.0886633 -0.103348 -1.035e-16
9.37241e+09 0.0887303 -0.103101 -1.08508e-16
9.40397e+09 0.0887969 -0.102852 -1.13071e-16
9.43553e+09 0.088863 -0.102604 -1.20639e-16
9.46709e+09 0.0889287 -0.102355 -1.15074e-16
9.49864e+09 0.0889939 -0.102105 -1.21307e-16
9.5302e+09 0.0890586 -0.101854 -1.14852e-16
9.56176e+09 0.089123 -0.101604 -1.22197e-16
9.59331e+09 0.0891868 -0.101352 -1.21307e-16
9.62487e+09 0.0892502 -0.1011 -1.23755e-16
9.65643e+09 0.0893131 -0.100848 -1.16855e-16
9.68798e+09 0.0893756 -0.100595 -1.28207e-16
9.71954e+09 0.0894376 -0.100342 -1.2242e-16
9.7511e+09 0.0894991 -0.100088 -1.24645e-16
9.78266e+09 0.0895602 -0.0998334 -1.25536e-16
9.81421e+09 0.0896208 -0.0995784 -1.13071e-16
9.84577e+09 0.0896809 -0.0993229 -1.18413e-16
9.87733e+09 0.0897406 -0.0990668 -1.17523e-16
9.90888e+09 0.0897997 -0.0988103 -1.25536e-16
9.94044e+09 0.0898584 -0.0985532 -1.20639e-16
9.972e+09 0.0899166 -0.0982956 -1.11736e-16
1.00036e+10 0.0899744 -0.0980374 -1.23755e-16
1.00351e+10 0.0900316 -0.0977787 -1.19303e-16
1.00667e+10 0.0900884 -0.0975195 -1.20194e-16
1.00982e+10 0.0901446 -0.0972598 -1.14407e-16
1.01298e+10 0.0902004 -0.0969995 -1.19749e-16
1.01613e+10 0.0902557 -0.0967387 -1.14852e-16
1.01929e+10 0.0903105 -0.0964774 -1.17968e-16
1.02245e+10 0.0903648 -0.0962155 -1.12626e-16
1.0256e+10 0.0904186 -0.0959532 -1.17078e-16
1.02876e+10 0.0904719 -0.0956902 -1.15742e-16
1.03191e+10 0.0905247 -0.0954268 -1.18858e-16
1.03507e+10 0.090577 -0.0951628 -1.20194e-16
1.03822e+10 0.0906287 -0.0948983 -1.12181e-16
1.04138e+10 0.09068 -0.0946333 -1.13071e-16
1.04454e+10 0.0907308 -0.0943677 -1.14852e-16
1.04769e+10 0.090781 -0.0941016 -1.15742e-16
1.05085e+10 0.0908308 -0.0938349 -1.12181e-16
1.054e+10 0.09088 -0.0935678 -1.15742e-16
1.05716e+10 0.0909287 -0.0933 -1.07729e-16
1.06031e+10 0.0909769 -0.0930318 -1.06839e-16
1.06347e+10 0.0910245 -0.092763 -1.12181e-16
1.06662e+10 0.0910717 -0.0924937 -1.15742e-16
1.06978e+10 0.0911183 -0.0922238 -1.13071e-16
1.07294e+10 0.0911643 -0.0919534 -1.14852e-16
1.07609e+10 0.0912099 -0.0916825 -1.14852e-16
1.07925e+10 0.0912549 -0.091411 -1.14852e-16
1.0824e+10 0.0912993 -0.091139 -1.17523e-16
1.08556e+10 0.0913433 -0.0908665 -1.22865e-16
1.08871e+10 0.0913866 -0.0905934 -1.23755e-16
1.09187e+10 0.0914295 -0.0903198 -1.21084e-16
1.09503e+10 0.0914718 -0.0900456 -1.22865e-16
1.09818e+10 0.0915135 -0.0897709 -1.15742e-16
1.10134e+10 0.0915547 -0.0894957 -1.14852e-16
1.10449e+10 0.0915954 -0.0892199 -1.18413e-16
1.10765e+10 0.0916354 -0.0889436 -1.20194e-16
1.1108e+10 0.091675 -0.0886667 -1.25536e-16
1.11396e+10 0.0917139 -0.0883893 -1.27316e-16
1.11712e+10 0.0917523 -0.0881113 -1.22865e-16
1.12027e+10 0.0917902 -0.0878328 -1.19303e-16
1.12343e+10 0.0918275 -0.0875538 -1.18413e-16
1.12658e+10 0.0918642 -0.0872742 -1.18413e-16
1.12974e+10 0.0919003 -0.0869941 -1.14852e-16
1.13289e+10 0.0919358 -0.0867134 -1.1129e-16
1.13605e+10 0.0919708 -0.0864322 -1.14852e-16
1.13921e+10 0.0920052 -0.0861505 -1.07729e-16
1.14236e+10 0.092039 -0.0858682 -1.0862e-16
1.14552e+10 0.0920722 -0.0855853 -1.1129e-16
1.14867e+10 0.0921049 -0.0853019 -1.13961e-16
1.15183e+10 0.0921369 -0.085018 -1.19303e-16
1.15498e+10 0.0921684 -0.0847335 -1.21084e-16
1.15814e+10 0.0921992 -0.0844484 -1.17523e-16
1.1613e+10 0.0922295 -0.0841628 -1.19303e-16
1.16445e+10 0.0922592 -0.0838767 -1.21084e-16
1.16761e+10 0.0922882 -0.08359 -1.22865e-16
1.17076e+10 0.0923167 -0.0833028 -1.21084e-16
1.17392e+10 0.0923445 -0.083015 -1.15742e-16
1.17707e+10 0.0923717 -0.0827267 -1.22865e-16
1.18023e+10 0.0923984 -0.0824378 -1.22865e-16
1.18339e+10 0.0924244 -0.0821483 -1.24645e-16
1.18654e+10 0.0924497 -0.0818584 -1.21084e-16
1.1897e+10 0.0924745 -0.0815678 -1.22865e-16
1.19285e+10 0.0924986 -0.0812767 -1.26426e-16
1.19601e+10 0.0925221 -0.0809851 -1.29987e-16
1.19916e+10 0.092545 -0.0806929 -1.26426e-16
1.20232e+10 0.0925672 -0.0804001 -1.28207e-16
1.20548e+10 0.0925888 -0.0801068 -1.3711e-16
1.20863e+10 0.0926098 -0.079813 -1.31768e-16
1.21179e+10 0.0926301 -0.0795186 -1.42452e-16
1.21494e+10 0.0926498 -0.0792236 -1.40671e-16
1.2181e+10 0.0926688 -0.0789281 -1.47794e-16
1.22125e+10 0.0926872 -0.078632 -1.40671e-16
1.22441e+10 0.0927049 -0.0783354 -1.33549e-16
1.22757e+10 0.0927219 -0.0780382 -1.35329e-16
1.23072e+10 0.0927383 -0.0777405 -1.31768e-16
1.23388e+10 0.0927541 -0.0774422 -1.31768e-16
1.23703e+10 0.0927691 -0.0771433 -1.29987e-16
1.24019e+10 0.0927835 -0.0768439 -1.35329e-16
1.24334e+10 0.0927972 -0.076544 -1.31768e-16
1.2465e+10 0.0928103 -0.0762434 -1.35329e-16
1.24966e+10 0.0928227 -0.0759424 -1.31768e-16
1.25281e+10 0.0928343 -0.0756407 -1.29987e-16
1.25597e+10 0.0928453 -0.0753385 -1.26426e-16
1.25912e+10 0.0928557 -0.0750358 -1.19303e-16
1.26228e+10 0.0928653 -0.0747324 -1.21084e-16
1.26543e+10 0.0928742 -0.0744286 -1.21084e-16
1.26859e+10 0.0928824 -0.0741241 -1.24645e-16
1.27175e+10 0.0928899 -0.0738191 -1.26426e-16
1.2749e+10 0.0928968 -0.0735136 -1.28207e-16
1.27806e+10 0.0929029 -0.0732075 -1.19303e-16
1.28121e+10 0.0929083 -0.0729008 -1.21084e-16
1.28437e+10 0.0929129 -0.0725935 -1.24645e-16
1.28752e+10 0.0929169 -0.0722857 -1.21084e-16
1.29068e+10 0.0929201 -0.0719774 -1.29987e-16
1.29384e+10 0.0929227 -0.0716684 -1.26426e-16
1.29699e+10 0.0929244 -0.0713589 -1.22865e-16
1.30015e+10 0.0929255 -0.0710489 -1.29987e-16
1.3033e+10 0.0929258 -0.0707383 -1.24645e-16
1.30646e+10 0.0929254 -0.0704271 -1.29987e-16
1.30961e+10 0.0929242 -0.0701154 -1.33549e-16
1.31277e+10 0.0929223 -0.069803 -1.28207e-16
1.31592e+10 0.0929196 -0.0694902 -1.29987e-16
1.31908e+10 0.0929162 -0.0691767 -1.29987e-16
1.32224e+10 0.092912 -0.0688627 -1.22865e-16
1.32539e+10 0.0929071 -0.0685482 -1.31768e-16
1.32855e+10 0.0929014 -0.0682331 -1.29987e-16
1.3317e+10 0.0928949 -0.0679174 -1.35329e-16
1.33486e+10 0.0928877 -0.0676011 -1.35329e-16
1.33801e+10 0.0928796 -0.0672843 -1.24645e-16
1.34117e+10 0.0928708 -0.0669669 -1.22865e-16
1.34433e+10 0.0928612 -0.0666489 -1.29987e-16
1.34748e+10 0.0928509 -0.0663304 -1.29987e-16
1.35064e+10 0.0928397 -0.0660113 -1.31768e-16
1.35379e+10 0.0928277 -0.0656917 -1.28207e-16
1.35695e+10 0.0928149 -0.0653714 -1.24645e-16
1.3601e+10 0.0928014 -0.0650507 -1.24645e-16
1.36326e+10 0.092787 -0.0647293 -1.21084e-16
1.36642e+10 0.0927718 -0.0644074 -1.17523e-16
1.36957e+10 0.0927558 -0.0640849 -1.13961e-16
1.37273e+10 0.0927389 -0.0637618 -1.21084e-16
1.37588e+10 0.0927213 -0.0634382 -1.19303e-16
1.37904e+10 0.0927028 -0.063114 -1.19303e-16
1.38219e+10 0.0926835 -0.0627893 -1.0862e-16
1.38535e+10 0.0926633 -0.0624639 -1.13961e-16
1.38851e+10 0.0926423 -0.062138 -1.15742e-16
1.39166e+10 0.0926205 -0.0618116 -1.12181e-16
1.39482e+10 0.0925978 -0.0614846 -1.21084e-16
1.39797e+10 0.0925742 -0.061157 -1.12181e-16
1.40113e+10 0.0925498 -0.0608288 -1.13961e-16
1.40428e+10 0.0925245 -0.0605001 -1.104e-16
1.40744e+10 0.0924984 -0.0601708 -1.0862e-16
1.4106e+10 0.0924713 -0.0598409 -1.01497e-16
1.41375e+10 0.0924435 -0.0595105 -9.6155e-17
1.41691e+10 0.0924147 -0.0591794 -9.6155e-17
1.42006e+10 0.092385 -0.0588479 -9.6155e-17
1.42322e+10 0.0923544 -0.0585157 -8.90324e-17
1.42637e+10 0.092323 -0.058183 -9.97163e-17
1.42953e+10 0.0922906 -0.0578497 -9.6155e-17
1.43269e+10 0.0922574 -0.0575159 -9.6155e-17
1.43584e+10 0.0922232 -0.0571815 -8.90324e-17
1.439e+10 0.0921881 -0.0568465 -8.90324e-17
1.44215e+10 0.0921521 -0.056511 -8.90324e-17
1.44531e+10 0.0921152 -0.0561749 -9.25937e-17
1.44846e+10 0.0920773 -0.0558382 -9.25937e-17
1.45162e+10 0.0920385 -0.0555009 -8.54711e-17
1.45478e+10 0.0919988 -0.0551631 -9.25937e-17
1.45793e+10 0.0919581 -0.0548247 -8.54711e-17
1.46109e+10 0.0919164 -0.0544858 -8.90324e-17
1.46424e+10 0.0918739 -0.0541463 -8.54711e-17
1.4674e+10 0.0918303 -0.0538062 -8.90324e-17
1.47055e+10 0.0917858 -0.0534655 -9.25937e-17
1.47371e+10 0.0917403 -0.0531243 -8.54711e-17
1.47687e+10 0.0916938 -0.0527825 -8.90324e-17
1.48002e+10 0.0916464 -0.0524402 -8.90324e-17
1.48318e+10 0.0915979 -0.0520973 -8.19098e-17
1.48633e+10 0.0915485 -0.0517538 -9.25937e-17
1.48949e+10 0.0914981 -0.0514098 -8.54711e-17
1.49264e+10 0.0914467 -0.0510652 -8.19098e-17
1.4958e+10 0.0913942 -0.05072 -9.25937e-17
1.49896e+10 0.0913408 -0.0503743 -9.25937e-17
1.50211e+10 0.0912863 -0.050028 -9.25937e-17
1.50527e+10 0.0912308 -0.0496811 -9.6155e-17
1.50842e+10 0.0911743 -0.0493337 -8.90324e-17
1.51158e+10 0.0911167 -0.0489857 -8.90324e-17
1.51473e+10 0.0910581 -0.0486372 -9.25937e-17
1.51789e+10 0.0909984 -0.0482881 -8.54711e-17
1.52105e+10 0.0909377 -0.0479384 -8.90324e-17
1.5242e+10 0.0908759 -0.0475882 -8.54711e-17
1.52736e+10 0.090813 -0.0472374 -8.54711e-17
1.53051e+10 0.0907491 -0.0468861 -8.90324e-17
1.53367e+10 0.0906841 -0.0465342 -8.90324e-17
1.53682e+10 0.090618 -0.0461817 -9.25937e-17
1.53998e+10 0.0905508 -0.0458287 -8.54711e-17
1.54313e+10 0.0904826 -0.0454751 -8.54711e-17
1.54629e+10 0.0904132 -0.045121 -8.54711e-17
1.54945e+10 0.0903427 -0.0447663 -8.54711e-17
1.5526e+10 0.090271 -0.0444111 -8.54711e-17
1.55576e+10 0.0901983 -0.0440553 -8.19098e-17
1.55891e+10 0.0901244 -0.043699 -8.19098e-17
1.56207e+10 0.0900494 -0.0433421 -8.54711e-17
1.56522e+10 0.0899733 -0.0429847 -8.90324e-17
1.56838e+10 0.089896 -0.0426267 -8.54711e-17
1.57154e+10 0.0898175 -0.0422681 -8.19098e-17
1.57469e+10 0.0897379 -0.0419091 -8.19098e-17
1.57785e+10 0.0896571 -0.0415494 -8.54711e-17
1.581e+10 0.0895751 -0.0411892 -8.54711e-17
1.58416e+10 0.0894919 -0.0408285 -8.90324e-17
1.58731e+10 0.0894076 -0.0404673 -9.25937e-17
1.59047e+10 0.089322 -0.0401054 -8.19098e-17
1.59363e+10 0.0892353 -0.0397431 -8.90324e-17
1.59678e+10 0.0891473 -0.0393802 -8.19098e-17
1.59994e+10 0.0890581 -0.0390168 -8.90324e-17
1.60309e+10 0.0889677 -0.0386528 -8.54711e-17
1.60625e+10 0.088876 -0.0382883 -8.90324e-17
1.6094e+10 0.0887831 -0.0379232 -7.83485e-17
1.61256e+10 0.0886889 -0.0375577 -7.83485e-17
1.61572e+10 0.0885935 -0.0371915 -8.54711e-17
1.61887e+10 0.0884968 -0.0368249 -8.19098e-17
1.62203e+10 0.0883989 -0.0364577 -8.19098e-17
1.62518e+10 0.0882996 -0.03609 -7.47872e-17
1.62834e+10 0.0881991 -0.0357218 -7.47872e-17
1.63149e+10 0.0880973 -0.035353 -7.12259e-17
1.63465e+10 0.0879941 -0.0349837 -7.12259e-17
1.63781e+10 0.0878897 -0.0346139 -6.76646e-17
1.64096e+10 0.0877839 -0.0342436 -6.41033e-17
1.64412e+10 0.0876768 -0.0338728 -7.12259e-17
1.64727e+10 0.0875683 -0.0335014 -6.76646e-17
1.65043e+10 0.0874586 -0.0331295 -7.12259e-17
1.65358e+10 0.0873474 -0.0327571 -6.76646e-17
1.65674e+10 0.0872349 -0.0323842 -6.41033e-17
1.6599e+10 0.087121 -0.0320108 -7.12259e-17
1.66305e+10 0.0870057 -0.0316369 -6.76646e-17
1.66621e+10 0.0868891 -0.0312625 -7.12259e-17
1.66936e+10 0.086771 -0.0308876 -6.76646e-17
1.67252e+10 0.0866516 -0.0305121 -6.41033e-17
1.67567e+10 0.0865307 -0.0301362 -6.41033e-17
1.67883e+10 0.0864084 -0.0297598 -5.69807e-17
1.68199e+10 0.0862846 -0.0293829 -6.41033e-17
1.68514e+10 0.0861594 -0.0290054 -6.41033e-17
1.6883e+10 0.0860328 -0.0286275 -7.12259e-17
1.69145e+10 0.0859047 -0.0282491 -6.41033e-17
1.69461e+10 0.0857751 -0.0278703 -6.41033e-17
1.69776e+10 0.085644 -0.0274909 -6.41033e-17
1.70092e+10 0.0855115 -0.0271111 -6.41033e-17
1.70408e+10 0.0853774 -0.0267308 -6.0542e-17
1.70723e+10 0.0852418 -0.02635 -5.69807e-17
1.71039e+10 0.0851047 -0.0259687 -6.41033e-17
1.71354e+10 0.0849661 -0.025587 -6.0542e-17
1.7167e+10 0.0848259 -0.0252048 -6.0542e-17
1.71985e+10 0.0846842 -0.0248222 -6.0542e-17
1.72301e+10 0.0845409 -0.0244391 -6.0542e-17
1.72617e+10 0.0843961 -0.0240555 -5.69807e-17
1.72932e+10 0.0842496 -0.0236715 -5.69807e-17
1.73248e+10 0.0841016 -0.023287 -5.69807e-17
1.73563e+10 0.0839519 -0.0229021 -5.34194e-17
1.73879e+10 0.0838007 -0.0225168 -4.98581e-17
1.74194e+10 0.0836478 -0.022131 -4.62968e-17
1.7451e+10 0.0834933 -0.0217448 -4.62968e-17
1.74826e+10 0.0833371 -0.0213581 -4.62968e-17
1.75141e+10 0.0831793 -0.0209711 -4.98581e-17
1.75457e+10 0.0830198 -0.0205836 -4.62968e-17
1.75772e+10 0.0828586 -0.0201957 -4.27356e-17
1.76088e+10 0.0826957 -0.0198073 -4.27356e-17
1.76403e+10 0.0825311 -0.0194186 -4.27356e-17
1.76719e+10 0.0823648 -0.0190295 -4.27356e-17
1.77035e+10 0.0821968 -0.0186399 -4.98581e-17
1.7735e+10 0.082027 -0.01825 -4.98581e-17
1.77666e+10 0.0818555 -0.0178597 -4.62968e-17
1.77981e+10 0.0816822 -0.017469 -4.98581e-17
1.78297e+10 0.0815071 -0.0170779 -4.98581e-17
1.78612e+10 0.0813303 -0.0166864 -4.98581e-17
1.78928e+10 0.0811516 -0.0162946 -4.62968e-17
1.79243e+10 0.0809711 -0.0159024 -4.98581e-17
1.79559e+10 0.0807888 -0.0155098 -4.98581e-17
1.79875e+10 0.0806047 -0.0151169 -4.98581e-17
1.8019e+10 0.0804187 -0.0147237 -4.98581e-17
1.80506e+10 0.0802308 -0.0143301 -4.62968e-17
1.80821e+10 0.080041 -0.0139362 -4.27356e-17
1.81137e+10 0.0798494 -0.0135419 -4.98581e-17
1.81452e+10 0.0796559 -0.0131473 -4.62968e-17
1.81768e+10 0.0794604 -0.0127524 -4.98581e-17
1.82084e+10 0.079263 -0.0123572 -4.98581e-17
1.82399e+10 0.0790636 -0.0119617 -5.34194e-17
1.82715e+10 0.0788623 -0.0115659 -5.34194e-17
1.8303e+10 0.0786591 -0.0111698 -4.62968e-17
1.83346e+10 0.0784538 -0.0107734 -4.98581e-17
1.83661e+10 0.0782465 -0.0103767 -3.91743e-17
1.83977e+10 0.0780372 -0.00997979 -4.27356e-17
1.84293e+10 0.0778259 -0.0095826 -4.62968e-17
1.84608e+10 0.0776125 -0.00918516 -4.27356e-17
1.84924e+10 0.0773971 -0.00878747 -4.62968e-17
1.85239e+10 0.0771796 -0.00838955 -4.27356e-17
1.85555e+10 0.07696 -0.00799141 -4.27356e-17
1.8587e+10 0.0767382 -0.00759304 -4.62968e-17
1.86186e+10 0.0765144 -0.00719447 -4.27356e-17
1.86502e+10 0.0762884 -0.00679569 -3.91743e-17
1.86817e+10 0.0760603 -0.00639672 -3.91743e-17
1.87133e+10 0.07583 -0.00599757 -3.91743e-17
1.87448e+10 0.0755975 -0.00559825 -3.20517e-17
1.87764e+10 0.0753628 -0.00519876 -3.20517e-17
1.88079e+10 0.0751259 -0.00479912 -2.84904e-17
1.88395e+10 0.0748868 -0.00439934 -2.49291e-17
1.88711e+10 0.0746454 -0.00399942 -2.13678e-17
1.89026e+10 0.0744018 -0.00359938 -2.13678e-17
1.89342e+10 0.0741558 -0.00319924 -2.13678e-17
1.89657e+10 0.0739076 -0.00279899 -1.78065e-17
1.89973e+10 0.073657 -0.00239866 -2.13678e-17
1.90288e+10 0.0734042 -0.00199825 -2.13678e-17
1.90604e+10 0.0731489 -0.00159778 -2.49291e-17
1.9092e+10 0.0728913 -0.00119725 -2.84904e-17
1.91235e+10 0.0726313 -0.000796686 -3.20517e-17
1.91551e+10 0.0723689 -0.000396095 -2.49291e-17
1.91866e+10 0.0721041 4.50881e-06 -2.49291e-17
1.92182e+10 0.0718369 0.000405113 -2.13678e-17
1.92497e+10 0.0715671 0.000805703 -2.49291e-17
1.92813e+10 0.071295 0.00120626 -2.49291e-17
1.93129e+10 0.0710203 0.00160678 -2.49291e-17
1.93444e+10 0.0707431 0.00200725 -2.84904e-17
1.9376e+10 0.0704633 0.00240764 -2.49291e-17
1.94075e+10 0.0701811 0.00280794 -2.84904e-17
1.94391e+10 0.0698962 0.00320814 -3.20517e-17
1.94706e+10 0.0696088 0.00360823 -2.49291e-17
1.95022e+10 0.0693187 0.00400817 -2.13678e-17
1.95338e+10 0.0690261 0.00440797 -2.49291e-17
1.95653e+10 0.0687308 0.0048076 -2.13678e-17
1.95969e+10 0.0684328 0.00520704 -2.49291e-17
1.96284e+10 0.0681321 0.00560627 -2.13678e-17
1.966e+10 0.0678287 0.00600528 -2.49291e-17
1.96915e+10 0.0675226 0.00640406 -2.49291e-17
1.97231e+10 0.0672138 0.00680257 -2.49291e-17
1.97547e+10 0.0669022 0.0072008 -2.13678e-17
1.97862e+10 0.0665878 0.00759873 -2.49291e-17
1.98178e+10 0.0662706 0.00799634 -2.49291e-17
1.98493e+10 0.0659506 0.00839361 -2.49291e-17
1.98809e+10 0.0656277 0.00879052 -2.13678e-17
1.99124e+10 0.065302 0.00918705 -2.13678e-17
1.9944e+10 0.0649734 0.00958316 -2.13678e-17
1.99756e+10 0.0646418 0.00997885 -2.49291e-17
2.00071e+10 0.0643074 0.0103741 -2.49291e-17
2.00387e+10 0.06397 0.0107689 -2.13678e-17
2.00702e+10 0.0636296 0.0111631 -2.49291e-17
2.01018e+10 0.0632862 0.0115568 -1.78065e-17
2.01333e+10 0.0629398 0.01195 -1.78065e-17
2.01649e+10 0.0625904 0.0123426 -1.42452e-17
2.01964e+10 0.0622379 0.0127346 -1.06839e-17
2.0228e+10 0.0618823 0.013126 -1.42452e-17
2.02596e+10 0.0615237 0.0135167 -1.42452e-17
2.02911e+10 0.0611619 0.0139068 -1.42452e-17
2.03227e+10 0.0607969 0.0142961 -1.78065e-17
2.03542e+10 0.0604288 0.0146847 -1.78065e-17
2.03858e+10 0.0600575 0.0150725 -1.06839e-17
2.04173e+10 0.0596831 0.0154594 -7.12259e-18
2.04489e+10 0.0593053 0.0158456 -1.06839e-17
2.04805e+10 0.0589244 0.0162309 -1.06839e-17
2.0512e+10 0.0585401 0.0166153 -7.12259e-18
2.05436e+10 0.0581526 0.0169987 -7.12259e-18
2.05751e+10 0.0577617 0.0173812 -7.12259e-18
2.06067e+10 0.0573675 0.0177627 -1.06839e-17
2.06382e+10 0.0569699 0.0181431 -7.12259e-18
2.06698e+10 0.056569 0.0185225 0
2.07014e+10 0.0561647 0.0189007 -7.12259e-18
2.07329e+10 0.0557569 0.0192778 -7.12259e-18
2.07645e+10 0.0553457 0.0196537 -7.12259e-18
2.0796e+10 0.054931 0.0200284 -7.12259e-18
2.08276e+10 0.0545129 0.0204018 -3.5613e-18
2.08591e+10 0.0540912 0.0207739 0
2.08907e+10 0.053666 0.0211446 3.5613e-18
2.09223e+10 0.0532373 0.0215139 0
2.09538e+10 0.052805 0.0218818 0
2.09854e+10 0.0523691 0.0222482 0
2.10169e+10 0.0519296 0.0226131 7.12259e-18
2.10485e+10 0.0514864 0.0229764 7.12259e-18
2.108e+10 0.0510397 0.0233381 1.42452e-17
2.11116e+10 0.0505893 0.0236981 1.06839e-17
2.11432e+10 0.0501351 0.0240564 1.06839e-17
2.11747e+10 0.0496773 0.0244129 1.42452e-17
2.12063e+10 0.0492158 0.0247675 1.42452e-17
2.12378e+10 0.0487506 0.0251203 1.06839e-17
2.12694e+10 0.0482816 0.0254712 1.42452e-17
2.13009e+10 0.0478088 0.0258201 1.42452e-17
2.13325e+10 0.0473322 0.0261669 1.78065e-17
2.13641e+10 0.0468519 0.0265117 1.78065e-17
2.13956e+10 0.0463678 0.0268542 1.42452e-17
2.14272e+10 0.0458798 0.0271946 2.13678e-17
2.14587e+10 0.045388 0.0275327 2.13678e-17
2.14903e+10 0.0448923 0.0278685 2.13678e-17
2.15218e+10 0.0443928 0.0282018 1.78065e-17
2.15534e+10 0.0438894 0.0285327 1.78065e-17
2.1585e+10 0.0433821 0.0288611 1.78065e-17
2.16165e+10 0.042871 0.0291869 2.13678e-17
2.16481e+10 0.0423559 0.0295101 1.42452e-17
2.16796e+10 0.041837 0.0298305 1.78065e-17
2.17112e+10 0.0413141 0.0301481 2.49291e-17
2.17427e+10 0.0407873 0.0304629 2.13678e-17
2.17743e+10 0.0402566 0.0307747 2.49291e-17
2.18059e+10 0.039722 0.0310836 2.13678e-17
2.18374e+10 0.0391834 0.0313893 2.13678e-17
2.1869e+10 0.0386409 0.031692 2.84904e-17
2.19005e+10 0.0380945 0.0319914 2.49291e-17
2.19321e+10 0.0375442 0.0322875 2.13678e-17
2.19636e+10 0.0369899 0.0325802 2.49291e-17
2.19952e+10 0.0364317 0.0328695 2.49291e-17
2.20268e+10 0.0358696 0.0331553 3.20517e-17
2.20583e+10 0.0353036 0.0334374 2.84904e-17
2.20899e+10 0.0347338 0.0337159 3.20517e-17
2.21214e+10 0.03416 0.0339906 2.84904e-17
2.2153e+10 0.0335823 0.0342614 3.20517e-17
2.21845e+10 0.0330008 0.0345283 3.5613e-17
2.22161e+10 0.0324155 0.0347912 3.20517e-17
2.22477e+10 0.0318263 0.03505 3.20517e-17
2.22792e+10 0.0312334 0.0353046 3.5613e-17
2.23108e+10 0.0306366 0.0355549 3.5613e-17
2.23423e+10 0.0300361 0.0358008 3.20517e-17
2.23739e+10 0.0294319 0.0360423 3.5613e-17
2.24054e+10 0.0288239 0.0362793 3.5613e-17
2.2437e+10 0.0282123 0.0365116 3.91743e-17
2.24685e+10 0.027597 0.0367393 4.27356e-17
2.25001e+10 0.0269781 0.0369621 3.91743e-17
2.25317e+10 0.0263557 0.03718 3.91743e-17
2.25632e+10 0.0257297 0.037393 3.91743e-17
2.25948e+10 0.0251003 0.0376009 4.27356e-17
2.26263e+10 0.0244673 0.0378036 4.27356e-17
2.26579e+10 0.023831 0.038001 3.91743e-17
2.26894e+10 0.0231914 0.0381932 3.5613e-17
2.2721e+10 0.0225484 0.0383799 3.91743e-17
2.27526e+10 0.0219022 0.038561 3.91743e-17
2.27841e+10 0.0212528 0.0387366 4.27356e-17
2.28157e+10 0.0206003 0.0389065 4.62968e-17
2.28472e+10 0.0199448 0.0390706 4.62968e-17
2.28788e+10 0.0192862 0.0392288 4.62968e-17
2.29103e+10 0.0186247 0.039381 4.27356e-17
2.29419e+10 0.0179603 0.0395273 4.27356e-17
2.29735e+10 0.0172932 0.0396673 4.27356e-17
2.3005e+10 0.0166234 0.0398012 4.27356e-17
2.30366e+10 0.0159509 0.0399288 4.98581e-17
2.30681e+10 0.0152759 0.04005 4.98581e-17
2.30997e+10 0.0145984 0.0401648 4.98581e-17
2.31312e+10 0.0139185 0.0402731 4.98581e-17
2.31628e+10 0.0132364 0.0403747 4.98581e-17
2.31944e+10 0.0125521 0.0404697 4.62968e-17
2.32259e+10 0.0118657 0.0405579 4.98581e-17
2.32575e+10 0.0111773 0.0406393 4.98581e-17
2.3289e+10 0.010487 0.0407138 4.98581e-17
2.33206e+10 0.00979489 0.0407814 4.62968e-17
2.33521e+10 0.00910112 0.0408419 4.98581e-17
2.33837e+10 0.00840577 0.0408954 5.16388e-17
2.34153e+10 0.00770895 0.0409418 5.16388e-17
2.34468e+10 0.00701079 0.040981 5.16388e-17
2.34784e+10 0.00631138 0.0410129 4.80775e-17
2.35099e+10 0.00561086 0.0410376 4.62968e-17
2.35415e+10 0.00490933 0.0410549 4.98581e-17
2.3573e+10 0.00420693 0.0410649 4.98581e-17
2.36046e+10 0.00350376 0.0410675 4.62968e-17
2.36362e+10 0.00279997 0.0410626 4.98581e-17
2.36677e+10 0.00209566 0.0410503 4.98581e-17
2.36993e+10 0.00139097 0.0410304 4.98581e-17
2.37308e+10 0.000686019 0.0410031 4.62968e-17
2.37624e+10 -1.90534e-05 0.0409682 4.62968e-17
2.37939e+10 -0.000724122 0.0409257 4.62968e-17
2.38255e+10 -0.00142906 0.0408757 4.62968e-17
2.38571e+10 -0.00213373 0.0408181 4.62968e-17
2.38886e+10 -0.002838 0.0407529 4.62968e-17
2.39202e+10 -0.00354175 0.0406801 4.45162e-17
2.39517e+10 -0.00424483 0.0405998 4.98581e-17
2.39833e+10 -0.00494713 0.0405119 4.80775e-17
2.40148e+10 -0.0056485 0.0404164 4.80775e-17
2.40464e+10 -0.00634882 0.0403134 4.80775e-17
2.4078e+10 -0.00704795 0.0402029 4.98581e-17
2.41095e+10 -0.00774577 0.0400848 4.98581e-17
2.41411e+10 -0.00844214 0.0399593 4.62968e-17
2.41726e+10 -0.00913694 0.0398264 4.45162e-17
2.42042e+10 -0.00983005 0.039686 4.45162e-17
2.42357e+10 -0.0105213 0.0395383 4.62968e-17
2.42673e+10 -0.0112107 0.0393833 4.27356e-17
2.42989e+10 -0.0118979 0.0392209 4.45162e-17
2.43304e+10 -0.012583 0.0390514 4.27356e-17
2.4362e+10 -0.0132657 0.0388747 4.18452e-17
2.43935e+10 -0.0139461 0.0386909 4.09549e-17
2.44251e+10 -0.0146239 0.0385 4.18452e-17
2.44566e+10 -0.015299 0.0383021 4.36259e-17
2.44882e+10 -0.0159714 0.0380973 4.27356e-17
2.45198e+10 -0.0166409 0.0378857 4.27356e-17
2.45513e+10 -0.0173074 0.0376673 4.27356e-17
2.45829e+10 -0.0179708 0.0374421 4.36259e-17
2.46144e+10 -0.018631 0.0372103 4.62968e-17
2.4646e+10 -0.019288 0.036972 4.45162e-17
2.46775e+10 -0.0199416 0.0367272 4.36259e-17
2.47091e+10 -0.0205917 0.0364761 4.31807e-17
2.47407e+10 -0.0212383 0.0362186 4.27356e-17
2.47722e+10 -0.0218813 0.035955 4.27356e-17
2.48038e+10 -0.0225205 0.0356852 4.22904e-17
2.48353e+10 -0.0231559 0.0354094 4.31807e-17
2.48669e+10 -0.0237874 0.0351276 4.49614e-17
2.48984e+10 -0.024415 0.0348401 4.47388e-17
2.493e+10 -0.0250386 0.0345468 4.07323e-17
2.49615e+10 -0.0256581 0.0342478 4.02872e-17
2.49931e+10 -0.0262734 0.0339433 4.12888e-17
2.50247e+10 -0.0268845 0.0336334 4.20122e-17
2.50562e+10 -0.0274913 0.0333181 3.96751e-17
2.50878e+10 -0.0280938 0.0329976 3.91743e-17
2.51193e+10 -0.028692 0.0326719 3.99533e-17
2.51509e+10 -0.0292857 0.0323412 4.02872e-17
2.51824e+10 -0.0298749 0.0320055 3.80614e-17
2.5214e+10 -0.0304596 0.031665 3.76162e-17
2.52456e+10 -0.0310398 0.0313198 3.73936e-17
2.52771e+10 -0.0316154 0.03097 3.5613e-17
2.53087e+10 -0.0321863 0.0306156 3.42775e-17
2.53402e+10 -0.0327526 0.0302568 3.33871e-17
2.53718e+10 -0.0333142 0.0298936 3.33871e-17
2.54033e+10 -0.0338711 0.0295263 3.11613e-17
2.54349e+10 -0.0344233 0.0291548 3.24968e-17
2.54665e+10 -0.0349707 0.0287792 3.38323e-17
2.5498e+10 -0.0355133 0.0283998 3.47226e-17
2.55296e+10 -0.0360511 0.0280165 3.20517e-17
2.55611e+10 -0.0365842 0.0276295 3.11613e-17
2.55927e+10 -0.0371124 0.0272388 3.2942e-17
2.56242e+10 -0.0376358 0.0268446 3.2942e-17
2.56558e+10 -0.0381543 0.026447 3.20517e-17
2.56874e+10 -0.0386681 0.026046 3.38323e-17
2.57189e+10 -0.0391769 0.0256417 3.20517e-17
2.57505e+10 -0.039681 0.0252343 3.11613e-17
2.5782e+10 -0.0401802 0.0248238 3.0271e-17
2.58136e+10 -0.0406745 0.0244103 3.38323e-17
2.58451e+10 -0.0411641 0.0239939 3.11613e-17
2.58767e+10 -0.0416488 0.0235747 3.0271e-17
2.59083e+10 -0.0421287 0.0231528 2.84904e-17
2.59398e+10 -0.0426038 0.0227282 3.20517e-17
2.59714e+10 -0.043074 0.022301 3.20517e-17
2.60029e+10 -0.0435395 0.0218714 3.0271e-17
2.60345e+10 -0.0440002 0.0214394 2.67097e-17
2.6066e+10 -0.0444562 0.0210051 2.67097e-17
2.60976e+10 -0.0449074 0.0205685 2.49291e-17
2.61292e+10 -0.0453539 0.0201297 2.49291e-17
2.61607e+10 -0.0457957 0.0196889 2.13678e-17
2.61923e+10 -0.0462328 0.0192461 2.31484e-17
2.62238e+10 -0.0466652 0.0188013 2.31484e-17
2.62554e+10 -0.047093 0.0183546 2.13678e-17
2.62869e+10 -0.0475161 0.0179062 2.31484e-17
2.63185e+10 -0.0479346 0.0174559 1.95871e-17
2.63501e+10 -0.0483486 0.0170041 2.13678e-17
2.63816e+10 -0.048758 0.0165506 1.95871e-17
2.64132e+10 -0.0491629 0.0160956 1.60258e-17
2.64447e+10 -0.0495633 0.0156391 1.95871e-17
2.64763e+10 -0.0499592 0.0151812 1.78065e-17
2.65078e+10 -0.0503506 0.014722 1.95871e-17
2.65394e+10 -0.0507376 0.0142614 1.24645e-17
2.6571e+10 -0.0511203 0.0137997 1.06839e-17
2.66025e+10 -0.0514985 0.0133367 1.42452e-17
2.66341e+10 -0.0518724 0.0128726 1.60258e-17
2.66656e+10 -0.052242 0.0124075 1.24645e-17
2.66972e+10 -0.0526074 0.0119413 1.06839e-17
2.67287e+10 -0.0529685 0.0114742 7.12259e-18
2.67603e+10 -0.0533253 0.0110061 1.06839e-17
2.67919e+10 -0.053678 0.0105372 7.12259e-18
2.68234e+10 -0.0540265 0.0100675 1.06839e-17
2.6855e+10 -0.0543709 0.00959699 1.06839e-17
2.68865e+10 -0.0547112 0.00912577 1.06839e-17
2.69181e+10 -0.0550474 0.00865387 7.12259e-18
2.69496e+10 -0.0553796 0.00818134 1.06839e-17
2.69812e+10 -0.0557077 0.00770822 7.12259e-18
2.70128e+10 -0.0560319 0.00723454 7.12259e-18
2.70443e+10 -0.0563522 0.00676036 7.12259e-18
2.70759e+10 -0.0566686 0.00628571 1.06839e-17
2.71074e+10 -0.056981 0.00581063 3.5613e-18
2.7139e+10 -0.0572897 0.00533516 3.5613e-18
2.71705e+10 -0.0575945 0.00485933 3.5613e-18
2.72021e+10 -0.0578955 0.00438318 3.5613e-18
2.72336e+10 -0.0581928 0.00390675 3.5613e-18
2.72652e+10 -0.0584864 0.00343006 3.5613e-18
2.72968e+10 -0.0587762 0.00295317 3.5613e-18
2.73283e+10 -0.0590625 0.00247608 3.5613e-18
2.73599e+10 -0.059345 0.00199885 3.5613e-18
2.73914e+10 -0.059624 0.00152149 3.5613e-18
2.7423e+10 -0.0598995 0.00104405 0
2.74545e+10 -0.0601714 0.00056654 0
2.74861e+10 -0.0604398 8.8999e-05 0
2.75177e+10 -0.0607047 -0.000388547 0
2.75492e+10 -0.0609662 -0.000866071 -3.5613e-18
2.75808e+10 -0.0612242 -0.00134355 -3.5613e-18
2.76123e+10 -0.0614789 -0.00182095 -3.5613e-18
2.76439e+10 -0.0617303 -0.00229825 -3.5613e-18
2.76754e+10 -0.0619783 -0.00277543 -3.5613e-18
2.7707e+10 -0.062223 -0.00325246 -7.12259e-18
2.77386e+10 -0.0624645 -0.00372932 -7.12259e-18
2.77701e+10 -0.0627027 -0.00420599 -7.12259e-18
2.78017e+10 -0.0629377 -0.00468244 -7.12259e-18
2.78332e+10 -0.0631696 -0.00515866 -7.12259e-18
2.78648e+10 -0.0633983 -0.00563462 -1.06839e-17
2.78963e+10 -0.0636238 -0.0061103 -1.78065e-17
2.79279e+10 -0.0638463 -0.00658568 -1.06839e-17
2.79595e+10 -0.0640658 -0.00706075 -1.06839e-17
2.7991e+10 -0.0642822 -0.00753549 -1.78065e-17
2.80226e+10 -0.0644955 -0.00800987 -1.42452e-17
2.80541e+10 -0.0647059 -0.00848389 -1.42452e-17
2.80857e+10 -0.0649134 -0.00895751 -1.42452e-17
2.81172e+10 -0.0651179 -0.00943073 -1.78065e-17
2.81488e+10 -0.0653196 -0.00990353 -2.13678e-17
2.81804e+10 -0.0655183 -0.0103759 -2.13678e-17
2.82119e+10 -0.0657142 -0.0108478 -1.78065e-17
2.82435e+10 -0.0659073 -0.0113193 -2.13678e-17
2.8275e+10 -0.0660976 -0.0117902 -2.13678e-17
2.83066e+10 -0.0662851 -0.0122607 -1.78065e-17
2.83381e+10 -0.0664699 -0.0127307 -1.78065e-17
2.83697e+10 -0.066652 -0.0132001 -2.13678e-17
2.84013e+10 -0.0668313 -0.013669 -1.78065e-17
2.84328e+10 -0.067008 -0.0141374 -2.13678e-17
2.84644e+10 -0.0671821 -0.0146052 -2.49291e-17
2.84959e+10 -0.0673535 -0.0150725 -2.49291e-17
2.85275e+10 -0.0675223 -0.0155391 -2.84904e-17
2.8559e+10 -0.0676886 -0.0160052 -2.49291e-17
2.85906e+10 -0.0678523 -0.0164706 -2.84904e-17
2.86222e+10 -0.0680134 -0.0169355 -2.84904e-17
2.86537e+10 -0.0681721 -0.0173997 -2.84904e-17
2.86853e+10 -0.0683283 -0.0178633 -2.84904e-17
2.87168e+10 -0.068482 -0.0183263 -2.84904e-17
2.87484e+10 -0.0686333 -0.0187885 -2.84904e-17
2.87799e+10 -0.0687822 -0.0192502 -2.49291e-17
2.88115e+10 -0.0689286 -0.0197111 -2.49291e-17
2.88431e+10 -0.0690727 -0.0201714 -2.49291e-17
2.88746e+10 -0.0692145 -0.020631 -2.84904e-17
2.89062e+10 -0.0693539 -0.0210899 -2.13678e-17
2.89377e+10 -0.069491 -0.0215481 -2.84904e-17
2.89693e+10 -0.0696258 -0.0220056 -2.84904e-17
2.90008e+10 -0.0697584 -0.0224624 -3.5613e-17
2.90324e+10 -0.0698887 -0.0229185 -2.84904e-17
2.9064e+10 -0.0700168 -0.0233738 -3.5613e-17
2.90955e+10 -0.0701427 -0.0238284 -2.84904e-17
2.91271e+10 -0.0702663 -0.0242822 -2.84904e-17
2.91586e+10 -0.0703878 -0.0247353 -3.5613e-17
2.91902e+10 -0.0705072 -0.0251876 -3.5613e-17
2.92217e+10 -0.0706244 -0.0256392 -3.5613e-17
2.92533e+10 -0.0707396 -0.02609 -3.5613e-17
2.92849e+10 -0.0708526 -0.02654 -3.5613e-17
2.93164e+10 -0.0709635 -0.0269893 -3.5613e-17
2.9348e+10 -0.0710724 -0.0274378 -3.5613e-17
2.93795e+10 -0.0711793 -0.0278855 -3.5613e-17
2.94111e+10 -0.0712841 -0.0283324 -4.27356e-17
2.94426e+10 -0.071387 -0.0287785 -4.27356e-17
2.94742e+10 -0.0714878 -0.0292238 -4.27356e-17
2.95058e+10 -0.0715867 -0.0296683 -3.5613e-17
2.95373e+10 -0.0716836 -0.0301119 -3.5613e-17
2.95689e+10 -0.0717786 -0.0305548 -3.5613e-17
2.96004e+10 -0.0718717 -0.0309969 -4.27356e-17
2.9632e+10 -0.0719629 -0.0314381 -3.5613e-17
2.96635e+10 -0.0720522 -0.0318785 -3.5613e-17
2.96951e+10 -0.0721396 -0.0323181 -4.27356e-17
2.97266e+10 -0.0722252 -0.0327569 -3.5613e-17
2.97582e+10 -0.0723089 -0.0331948 -3.5613e-17
2.97898e+10 -0.0723908 -0.0336319 -4.27356e-17
2.98213e+10 -0.0724709 -0.0340682 -3.5613e-17
2.98529e+10 -0.0725492 -0.0345036 -3.5613e-17
2.98844e+10 -0.0726258 -0.0349381 -3.5613e-17
2.9916e+10 -0.0727006 -0.0353718 -3.5613e-17
2.99475e+10 -0.0727736 -0.0358047 -3.5613e-17
2.99791e+10 -0.0728449 -0.0362367 -4.27356e-17
3.00107e+10 -0.0729145 -0.0366679 -4.27356e-17
3.00422e+10 -0.0729824 -0.0370982 -4.27356e-17
3.00738e+10 -0.0730486 -0.0375277 -4.27356e-17
3.01053e+10 -0.0731131 -0.0379563 -4.27356e-17
3.01369e+10 -0.073176 -0.038384 -4.27356e-17
3.01684e+10 -0.0732372 -0.0388109 -4.98581e-17
3.02e+10 -0.0732968 -0.0392369 -4.98581e-17
3.02316e+10 -0.0733548 -0.039662 -4.98581e-17
3.02631e+10 -0.0734112 -0.0400863 -5.69807e-17
3.02947e+10 -0.073466 -0.0405097 -5.69807e-17
3.03262e+10 -0.0735192 -0.0409322 -4.98581e-17
3.03578e+10 -0.0735708 -0.0413539 -4.98581e-17
3.03893e+10 -0.0736209 -0.0417747 -4.27356e-17
3.04209e+10 -0.0736694 -0.0421946 -4.98581e-17
3.04525e+10 -0.0737165 -0.0426136 -5.69807e-17
3.0484e+10 -0.073762 -0.0430318 -4.98581e-17
3.05156e+10 -0.073806 -0.0434491 -4.98581e-17
3.05471e+10 -0.0738485 -0.0438655 -4.27356e-17
3.05787e+10 -0.0738895 -0.044281 -5.69807e-17
3.06102e+10 -0.0739291 -0.0446957 -4.98581e-17
3.06418e+10 -0.0739672 -0.0451094 -5.69807e-17
3.06734e+10 -0.0740039 -0.0455223 -4.27356e-17
3.07049e+10 -0.0740391 -0.0459344 -4.27356e-17
3.07365e+10 -0.0740729 -0.0463455 -5.69807e-17
3.0768e+10 -0.0741054 -0.0467557 -5.69807e-17
3.07996e+10 -0.0741364 -0.0471651 -4.98581e-17
3.08311e+10 -0.074166 -0.0475736 -5.69807e-17
3.08627e+10 -0.0741943 -0.0479812 -5.69807e-17
3.08943e+10 -0.0742212 -0.0483879 -4.98581e-17
3.09258e+10 -0.0742467 -0.0487938 -5.69807e-17
3.09574e+10 -0.0742709 -0.0491987 -5.69807e-17
3.09889e+10 -0.0742937 -0.0496028 -5.69807e-17
3.10205e+10 -0.0743153 -0.050006 -5.69807e-17
3.1052e+10 -0.0743355 -0.0504083 -6.41033e-17
3.10836e+10 -0.0743544 -0.0508098 -5.69807e-17
3.11152e+10 -0.0743721 -0.0512103 -6.41033e-17
3.11467e+10 -0.0743884 -0.05161 -5.69807e-17
3.11783e+10 -0.0744035 -0.0520088 -4.98581e-17
3.12098e+10 -0.0744173 -0.0524067 -5.69807e-17
3.12414e+10 -0.0744299 -0.0528037 -5.69807e-17
3.12729e+10 -0.0744412 -0.0531998 -5.69807e-17
3.13045e+10 -0.0744513 -0.0535951 -4.98581e-17
3.13361e+10 -0.0744602 -0.0539895 -5.69807e-17
3.13676e+10 -0.0744679 -0.054383 -4.98581e-17
3.13992e+10 -0.0744743 -0.0547756 -4.98581e-17
3.14307e+10 -0.0744796 -0.0551673 -4.98581e-17
3.14623e+10 -0.0744837 -0.0555582 -4.27356e-17
3.14938e+10 -0.0744866 -0.0559482 -4.98581e-17
3.15254e+10 -0.0744883 -0.0563373 -4.27356e-17
3.1557e+10 -0.0744888 -0.0567255 -4.98581e-17
3.15885e+10 -0.0744883 -0.0571129 -4.98581e-17
3.16201e+10 -0.0744865 -0.0574993 -5.69807e-17
3.16516e+10 -0.0744837 -0.0578849 -5.69807e-17
3.16832e+10 -0.0744797 -0.0582697 -4.98581e-17
3.17147e+10 -0.0744746 -0.0586535 -5.69807e-17
3.17463e+10 -0.0744684 -0.0590365 -5.69807e-17
3.17779e+10 -0.0744611 -0.0594186 -4.98581e-17
3.18094e+10 -0.0744527 -0.0597998 -4.98581e-17
3.1841e+10 -0.0744432 -0.0601802 -5.69807e-17
3.18725e+10 -0.0744326 -0.0605597 -4.27356e-17
3.19041e+10 -0.074421 -0.0609383 -6.41033e-17
3.19356e+10 -0.0744083 -0.0613161 -5.69807e-17
3.19672e+10 -0.0743945 -0.0616929 -4.98581e-17
3.19987e+10 -0.0743797 -0.062069 -4.98581e-17
3.20303e+10 -0.0743639 -0.0624441 -5.69807e-17
3.20619e+10 -0.074347 -0.0628184 -6.41033e-17
3.20934e+10 -0.0743292 -0.0631918 -4.98581e-17
3.2125e+10 -0.0743103 -0.0635644 -4.98581e-17
3.21565e+10 -0.0742904 -0.0639361 -5.69807e-17
3.21881e+10 -0.0742694 -0.0643069 -6.41033e-17
3.22196e+10 -0.0742475 -0.0646769 -6.41033e-17
3.22512e+10 -0.0742247 -0.065046 -6.41033e-17
3.22828e+10 -0.0742008 -0.0654143 -6.41033e-17
3.23143e+10 -0.074176 -0.0657817 -6.41033e-17
3.23459e+10 -0.0741501 -0.0661482 -6.41033e-17
3.23774e+10 -0.0741234 -0.0665139 -6.41033e-17
3.2409e+10 -0.0740957 -0.0668788 -6.41033e-17
3.24405e+10 -0.074067 -0.0672428 -7.12259e-17
3.24721e+10 -0.0740374 -0.0676059 -6.41033e-17
3.25037e+10 -0.0740069 -0.0679682 -5.69807e-17
3.25352e+10 -0.0739754 -0.0683296 -5.69807e-17
3.25668e+10 -0.0739431 -0.0686902 -6.41033e-17
3.25983e+10 -0.0739098 -0.0690499 -5.69807e-17
3.26299e+10 -0.0738756 -0.0694088 -5.69807e-17
3.26614e+10 -0.0738405 -0.0697669 -5.69807e-17
3.2693e+10 -0.0738045 -0.0701241 -6.41033e-17
3.27246e+10 -0.0737676 -0.0704804 -7.12259e-17
3.27561e+10 -0.0737299 -0.0708359 -5.69807e-17
3.27877e+10 -0.0736912 -0.0711906 -5.69807e-17
3.28192e+10 -0.0736517 -0.0715444 -6.41033e-17
3.28508e+10 -0.0736114 -0.0718974 -6.41033e-17
3.28823e+10 -0.0735702 -0.0722496 -6.41033e-17
3.29139e+10 -0.0735281 -0.0726009 -4.98581e-17
3.29455e+10 -0.0734852 -0.0729514 -4.98581e-17
3.2977e+10 -0.0734414 -0.0733011 -5.69807e-17
3.30086e+10 -0.0733968 -0.0736499 -6.41033e-17
3.30401e+10 -0.0733514 -0.0739979 -7.12259e-17
3.30717e+10 -0.0733052 -0.0743451 -7.12259e-17
3.31032e+10 -0.0732581 -0.0746914 -6.41033e-17
3.31348e+10 -0.0732103 -0.0750369 -6.41033e-17
3.31664e+10 -0.0731616 -0.0753816 -7.12259e-17
3.31979e+10 -0.0731121 -0.0757255 -7.83485e-17
3.32295e+10 -0.0730619 -0.0760685 -6.41033e-17
3.3261e+10 -0.0730108 -0.0764107 -7.12259e-17
3.32926e+10 -0.072959 -0.0767521 -6.41033e-17
3.33241e+10 -0.0729063 -0.0770927 -7.83485e-17
3.33557e+10 -0.072853 -0.0774324 -6.41033e-17
3.33873e+10 -0.0727988 -0.0777714 -6.41033e-17
3.34188e+10 -0.0727439 -0.0781095 -5.69807e-17
3.34504e+10 -0.0726882 -0.0784468 -5.69807e-17
3.34819e+10 -0.0726317 -0.0787833 -5.69807e-17
3.35135e+10 -0.0725745 -0.0791189 -5.69807e-17
3.3545e+10 -0.0725166 -0.0794538 -5.69807e-17
3.35766e+10 -0.0724579 -0.0797879 -4.98581e-17
3.36082e+10 -0.0723985 -0.0801211 -5.69807e-17
3.36397e+10 -0.0723384 -0.0804536 -4.98581e-17
3.36713e+10 -0.0722775 -0.0807852 -6.41033e-17
3.37028e+10 -0.072216 -0.081116 -4.98581e-17
3.37344e+10 -0.0721537 -0.0814461 -5.69807e-17
3.37659e+10 -0.0720907 -0.0817753 -4.98581e-17
3.37975e+10 -0.072027 -0.0821037 -5.69807e-17
3.38291e+10 -0.0719625 -0.0824314 -4.27356e-17
3.38606e+10 -0.0718974 -0.0827582 -4.98581e-17
3.38922e+10 -0.0718316 -0.0830842 -4.98581e-17
3.39237e+10 -0.0717651 -0.0834095 -4.27356e-17
3.39553e+10 -0.071698 -0.0837339 -4.27356e-17
3.39868e+10 -0.0716301 -0.0840576 -4.98581e-17
3.40184e+10 -0.0715616 -0.0843804 -4.27356e-17
3.405e+10 -0.0714924 -0.0847025 -5.69807e-17
3.40815e+10 -0.0714225 -0.0850238 -5.69807e-17
3.41131e+10 -0.071352 -0.0853443 -5.69807e-17
3.41446e+10 -0.0712808 -0.085664 -5.69807e-17
3.41762e+10 -0.071209 -0.0859829 -6.41033e-17
3.42077e+10 -0.0711365 -0.086301 -5.69807e-17
3.42393e+10 -0.0710634 -0.0866184 -5.69807e-17
3.42708e+10 -0.0709896 -0.086935 -7.12259e-17
3.43024e+10 -0.0709152 -0.0872507 -6.41033e-17
3.4334e+10 -0.0708402 -0.0875658 -7.12259e-17
3.43655e+10 -0.0707645 -0.08788 -7.12259e-17
3.43971e+10 -0.0706882 -0.0881935 -7.83485e-17
3.44286e+10 -0.0706113 -0.0885062 -8.54711e-17
3.44602e+10 -0.0705338 -0.0888181 -7.83485e-17
3.44917e+10 -0.0704557 -0.0891292 -8.54711e-17
3.45233e+10 -0.0703769 -0.0894396 -8.54711e-17
3.45549e+10 -0.0702975 -0.0897492 -8.54711e-17
3.45864e+10 -0.0702176 -0.090058 -7.83485e-17
3.4618e+10 -0.070137 -0.0903661 -9.97163e-17
3.46495e+10 -0.0700559 -0.0906734 -1.06839e-16
3.46811e+10 -0.0699741 -0.0909799 -9.25937e-17
3.47126e+10 -0.0698918 -0.0912857 -9.25937e-17
3.47442e+10 -0.0698089 -0.0915907 -9.97163e-17
3.47758e+10 -0.0697254 -0.091895 -9.97163e-17
3.48073e+10 -0.0696413 -0.0921985 -9.25937e-17
3.48389e+10 -0.0695567 -0.0925012 -9.25937e-17
3.48704e+10 -0.0694715 -0.0928032 -9.97163e-17
3.4902e+10 -0.0693857 -0.0931044 -9.97163e-17
3.49335e+10 -0.0692994 -0.0934048 -9.25937e-17
3.49651e+10 -0.0692125 -0.0937046 -9.25937e-17
3.49967e+10 -0.069125 -0.0940035 -9.97163e-17
3.50282e+10 -0.069037 -0.0943017 -1.06839e-16
3.50598e+10 -0.0689485 -0.0945992 -9.97163e-17
3.50913e+10 -0.0688594 -0.0948959 -9.97163e-17
3.51229e+10 -0.0687697 -0.0951919 -1.13961e-16
3.51544e+10 -0.0686796 -0.0954871 -1.06839e-16
3.5186e+10 -0.0685888 -0.0957816 -9.97163e-17
3.52176e+10 -0.0684976 -0.0960753 -9.97163e-17
3.52491e+10 -0.0684058 -0.0963683 -9.97163e-17
3.52807e+10 -0.0683135 -0.0966606 -1.06839e-16
3.53122e+10 -0.0682207 -0.0969521 -1.06839e-16
3.53438e+10 -0.0681274 -0.0972428 -9.25937e-17
3.53753e+10 -0.0680335 -0.0975329 -9.25937e-17
3.54069e+10 -0.0679391 -0.0978222 -8.54711e-17
3.54385e+10 -0.0678442 -0.0981108 -8.54711e-17
3.547e+10 -0.0677489 -0.0983986 -8.54711e-17
3.55016e+10 -0.067653 -0.0986857 -7.83485e-17
3.55331e+10 -0.0675566 -0.0989721 -8.54711e-17
3.55647e+10 -0.0674597 -0.0992577 -8.54711e-17
3.55962e+10 -0.0673623 -0.0995426 -7.83485e-17
3.56278e+10 -0.0672644 -0.0998268 -9.25937e-17
3.56594e+10 -0.0671661 -0.10011 -8.54711e-17
3.56909e+10 -0.0670672 -0.100393 -7.83485e-17
3.57225e+10 -0.0669679 -0.100675 -9.25937e-17
3.5754e+10 -0.066868 -0.100956 -8.54711e-17
3.57856e+10 -0.0667678 -0.101237 -9.97163e-17
3.58171e+10 -0.066667 -0.101517 -8.54711e-17
3.58487e+10 -0.0665657 -0.101796 -9.25937e-17
3.58803e+10 -0.066464 -0.102074 -9.97163e-17
3.59118e+10 -0.0663619 -0.102352 -9.25937e-17
3.59434e+10 -0.0662592 -0.102629 -9.97163e-17
3.59749e+10 -0.0661561 -0.102905 -9.97163e-17
3.60065e+10 -0.0660525 -0.103181 -9.97163e-17
3.6038e+10 -0.0659485 -0.103456 -9.97163e-17
3.60696e+10 -0.0658441 -0.10373 -9.97163e-17
3.61012e+10 -0.0657391 -0.104003 -9.97163e-17
3.61327e+10 -0.0656338 -0.104276 -9.97163e-17
3.61643e+10 -0.065528 -0.104548 -1.06839e-16
3.61958e+10 -0.0654217 -0.104819 -1.06839e-16
3.62274e+10 -0.065315 -0.10509 -1.06839e-16
3.62589e+10 -0.0652079 -0.10536 -9.97163e-17
3.62905e+10 -0.0651003 -0.105629 -9.97163e-17
3.63221e+10 -0.0649923 -0.105897 -9.97163e-17
3.63536e+10 -0.0648839 -0.106165 -9.97163e-17
3.63852e+10 -0.064775 -0.106432 -9.97163e-17
3.64167e+10 -0.0646658 -0.106699 -9.97163e-17
3.64483e+10 -0.0645561 -0.106964 -9.97163e-17
3.64798e+10 -0.0644459 -0.107229 -9.97163e-17
3.65114e+10 -0.0643354 -0.107494 -9.25937e-17
3.6543e+10 -0.0642244 -0.107757 -9.25937e-17
3.65745e+10 -0.0641131 -0.10802 -9.97163e-17
3.66061e+10 -0.0640013 -0.108282 -9.97163e-17
3.66376e+10 -0.0638891 -0.108544 -8.54711e-17
3.66692e+10 -0.0637765 -0.108805 -9.25937e-17
3.67007e+10 -0.0636635 -0.109065 -9.25937e-17
3.67323e+10 -0.0635501 -0.109324 -9.97163e-17
3.67638e+10 -0.0634363 -0.109583 -9.25937e-17
3.67954e+10 -0.0633221 -0.109841 -9.25937e-17
3.6827e+10 -0.0632076 -0.110099 -8.54711e-17
3.68585e+10 -0.0630926 -0.110355 -8.54711e-17
3.68901e+10 -0.0629772 -0.110612 -8.54711e-17
3.69216e+10 -0.0628615 -0.110867 -7.83485e-17
3.69532e+10 -0.0627453 -0.111122 -8.54711e-17
3.69847e+10 -0.0626288 -0.111376 -7.83485e-17
3.70163e+10 -0.0625119 -0.111629 -9.25937e-17
3.70479e+10 -0.0623946 -0.111882 -8.54711e-17
3.70794e+10 -0.062277 -0.112134 -9.25937e-17
3.7111e+10 -0.0621589 -0.112385 -9.25937e-17
3.71425e+10 -0.0620405 -0.112636 -9.25937e-17
3.71741e+10 -0.0619218 -0.112886 -9.25937e-17
3.72056e+10 -0.0618026 -0.113135 -9.25937e-17
3.72372e+10 -0.0616831 -0.113383 -9.97163e-17
3.72688e+10 -0.0615632 -0.113631 -9.25937e-17
3.73003e+10 -0.061443 -0.113879 -1.13961e-16
3.73319e+10 -0.0613224 -0.114125 -1.06839e-16
3.73634e+10 -0.0612015 -0.114371 -1.06839e-16
3.7395e+10 -0.0610801 -0.114617 -9.97163e-17
3.74265e+10 -0.0609585 -0.114861 -1.13961e-16
3.74581e+10 -0.0608365 -0.115105 -1.13961e-16
3.74897e+10 -0.0607141 -0.115349 -1.06839e-16
3.75212e+10 -0.0605914 -0.115591 -9.25937e-17
3.75528e+10 -0.0604684 -0.115833 -8.54711e-17
3.75843e+10 -0.060345 -0.116075 -1.06839e-16
3.76159e+10 -0.0602212 -0.116315 -9.97163e-17
3.76474e+10 -0.0600971 -0.116555 -9.97163e-17
3.7679e+10 -0.0599727 -0.116795 -1.06839e-16
3.77106e+10 -0.059848 -0.117033 -1.06839e-16
3.77421e+10 -0.0597229 -0.117271 -9.25937e-17
3.77737e+10 -0.0595975 -0.117509 -9.97163e-17
3.78052e+10 -0.0594717 -0.117745 -9.25937e-17
3.78368e+10 -0.0593456 -0.117982 -8.54711e-17
3.78683e+10 -0.0592192 -0.118217 -8.54711e-17
3.78999e+10 -0.0590925 -0.118452 -8.54711e-17
3.79315e+10 -0.0589654 -0.118686 -9.25937e-17
3.7963e+10 -0.0588381 -0.118919 -7.12259e-17
3.79946e+10 -0.0587104 -0.119152 -7.83485e-17
3.80261e+10 -0.0585823 -0.119385 -9.25937e-17
3.80577e+10 -0.058454 -0.119616 -8.54711e-17
3.80892e+10 -0.0583254 -0.119847 -8.54711e-17
3.81208e+10 -0.0581964 -0.120077 -9.25937e-17
3.81524e+10 -0.0580671 -0.120307 -9.97163e-17
3.81839e+10 -0.0579376 -0.120536 -9.97163e-17
3.82155e+10 -0.0578077 -0.120764 -9.97163e-17
3.8247e+10 -0.0576775 -0.120992 -1.06839e-16
3.82786e+10 -0.057547 -0.121219 -9.25937e-17
3.83101e+10 -0.0574162 -0.121446 -8.54711e-17
3.83417e+10 -0.0572851 -0.121671 -9.25937e-17
3.83733e+10 -0.0571537 -0.121897 -8.54711e-17
3.84048e+10 -0.057022 -0.122121 -8.54711e-17
3.84364e+10 -0.0568901 -0.122345 -9.25937e-17
3.84679e+10 -0.0567578 -0.122568 -9.25937e-17
3.84995e+10 -0.0566252 -0.122791 -9.25937e-17
3.8531e+10 -0.0564923 -0.123013 -9.25937e-17
3.85626e+10 -0.0563592 -0.123234 -9.25937e-17
3.85942e+10 -0.0562257 -0.123455 -8.54711e-17
3.86257e+10 -0.056092 -0.123675 -8.54711e-17
3.86573e+10 -0.055958 -0.123895 -8.54711e-17
3.86888e+10 -0.0558237 -0.124114 -8.54711e-17
3.87204e+10 -0.0556892 -0.124332 -7.12259e-17
3.87519e+10 -0.0555543 -0.12455 -6.41033e-17
3.87835e+10 -0.0554192 -0.124767 -6.41033e-17
3.88151e+10 -0.0552838 -0.124983 -7.83485e-17
3.88466e+10 -0.0551481 -0.125199 -7.12259e-17
3.88782e+10 -0.0550121 -0.125414 -7.12259e-17
3.89097e+10 -0.0548759 -0.125629 -7.12259e-17
3.89413e+10 -0.0547394 -0.125842 -6.41033e-17
3.89728e+10 -0.0546027 -0.126056 -5.69807e-17
3.90044e+10 -0.0544656 -0.126268 -6.41033e-17
3.90359e+10 -0.0543283 -0.126481 -5.69807e-17
3.90675e+10 -0.0541908 -0.126692 -7.12259e-17
3.90991e+10 -0.0540529 -0.126903 -8.54711e-17
3.91306e+10 -0.0539149 -0.127113 -7.12259e-17
3.91622e+10 -0.0537765 -0.127323 -7.12259e-17
3.91937e+10 -0.0536379 -0.127532 -7.12259e-17
3.92253e+10 -0.0534991 -0.12774 -7.83485e-17
3.92568e+10 -0.0533599 -0.127948 -8.54711e-17
3.92884e+10 -0.0532206 -0.128155 -7.83485e-17
3.932e+10 -0.053081 -0.128362 -7.83485e-17
3.93515e+10 -0.0529411 -0.128568 -8.54711e-17
3.93831e+10 -0.052801 -0.128773 -8.54711e-17
3.94146e+10 -0.0526606 -0.128978 -7.83485e-17
3.94462e+10 -0.05252 -0.129182 -9.25937e-17
3.94777e+10 -0.0523791 -0.129385 -8.54711e-17
3.95093e+10 -0.052238 -0.129588 -8.54711e-17
3.95409e+10 -0.0520967 -0.129791 -8.54711e-17
3.95724e+10 -0.0519551 -0.129992 -7.83485e-17
3.9604e+10 -0.0518132 -0.130193 -7.83485e-17
3.96355e+10 -0.0516712 -0.130394 -8.54711e-17
3.96671e+10 -0.0515288 -0.130594 -8.54711e-17
3.96986e+10 -0.0513863 -0.130793 -8.54711e-17
3.97302e+10 -0.0512435 -0.130992 -7.83485e-17
3.97618e+10 -0.0511005 -0.13119 -8.54711e-17
3.97933e+10 -0.0509573 -0.131388 -7.83485e-17
3.98249e+10 -0.0508138 -0.131585 -8.54711e-17
3.98564e+10 -0.0506701 -0.131781 -7.83485e-17
3.9888e+10 -0.0505261 -0.131977 -8.54711e-17
3.99195e+10 -0.050382 -0.132172 -9.25937e-17
3.99511e+10 -0.0502376 -0.132366 -7.83485e-17
3.99827e+10 -0.050093 -0.13256 -8.54711e-17
4.00142e+10 -0.0499482 -0.132754 -8.54711e-17
4.00458e+10 -0.0498031 -0.132946 -9.25937e-17
4.00773e+10 -0.0496578 -0.133139 -9.25937e-17
4.01089e+10 -0.0495123 -0.13333 -9.97163e-17
4.01404e+10 -0.0493666 -0.133521 -9.25937e-17
4.0172e+10 -0.0492207 -0.133712 -9.97163e-17
4.02036e+10 -0.0490745 -0.133902 -8.54711e-17
4.02351e+10 -0.0489282 -0.134091 -9.25937e-17
4.02667e+10 -0.0487816 -0.13428 -8.54711e-17
4.02982e+10 -0.0486348 -0.134468 -7.83485e-17
4.03298e+10 -0.0484878 -0.134655 -8.54711e-17
4.03613e+10 -0.0483406 -0.134842 -7.83485e-17
4.03929e+10 -0.0481932 -0.135028 -8.54711e-17
4.04245e+10 -0.0480455 -0.135214 -9.25937e-17
4.0456e+10 -0.0478977 -0.135399 -8.54711e-17
4.04876e+10 -0.0477497 -0.135584 -9.25937e-17
4.05191e+10 -0.0476014 -0.135768 -8.54711e-17
4.05507e+10 -0.047453 -0.135952 -8.54711e-17
4.05822e+10 -0.0473043 -0.136134 -9.97163e-17
4.06138e+10 -0.0471555 -0.136317 -9.25937e-17
4.06454e+10 -0.0470065 -0.136498 -8.54711e-17
4.06769e+10 -0.0468572 -0.13668 -9.25937e-17
4.07085e+10 -0.0467078 -0.13686 -9.97163e-17
4.074e+10 -0.0465581 -0.13704 -9.25937e-17
4.07716e+10 -0.0464083 -0.13722 -9.97163e-17
4.08031e+10 -0.0462583 -0.137398 -9.97163e-17
4.08347e+10 -0.0461081 -0.137577 -9.97163e-17
4.08663e+10 -0.0459577 -0.137754 -9.25937e-17
4.08978e+10 -0.0458071 -0.137932 -9.97163e-17
4.09294e+10 -0.0456563 -0.138108 -9.25937e-17
4.09609e+10 -0.0455053 -0.138284 -8.54711e-17
4.09925e+10 -0.0453541 -0.13846 -9.97163e-17
4.1024e+10 -0.0452028 -0.138634 -9.25937e-17
4.10556e+10 -0.0450512 -0.138809 -9.97163e-17
4.10872e+10 -0.0448995 -0.138982 -9.97163e-17
4.11187e+10 -0.0447476 -0.139156 -9.25937e-17
4.11503e+10 -0.0445955 -0.139328 -9.25937e-17
4.11818e+10 -0.0444433 -0.1395 -9.97163e-17
4.12134e+10 -0.0442908 -0.139672 -8.54711e-17
4.12449e+10 -0.0441382 -0.139843 -9.25937e-17
4.12765e+10 -0.0439854 -0.140013 -8.54711e-17
4.13081e+10 -0.0438324 -0.140183 -8.54711e-17
4.13396e+10 -0.0436793 -0.140352 -7.83485e-17
4.13712e+10 -0.043526 -0.140521 -8.54711e-17
4.14027e+10 -0.0433725 -0.140689 -8.54711e-17
4.14343e+10 -0.0432188 -0.140856 -7.83485e-17
4.14658e+10 -0.043065 -0.141023 -8.54711e-17
4.14974e+10 -0.0429109 -0.14119 -8.54711e-17
4.15289e+10 -0.0427568 -0.141356 -8.54711e-17
4.15605e+10 -0.0426024 -0.141521 -8.54711e-17
4.15921e+10 -0.0424479 -0.141686 -9.25937e-17
4.16236e+10 -0.0422932 -0.14185 -9.25937e-17
4.16552e+10 -0.0421384 -0.142014 -9.97163e-17
4.16867e+10 -0.0419833 -0.142177 -9.25937e-17
4.17183e+10 -0.0418282 -0.142339 -9.25937e-17
4.17498e+10 -0.0416728 -0.142501 -9.25937e-17
4.17814e+10 -0.0415173 -0.142663 -8.54711e-17
4.1813e+10 -0.0413617 -0.142823 -9.25937e-17
4.18445e+10 -0.0412058 -0.142984 -8.54711e-17
4.18761e+10 -0.0410499 -0.143144 -9.25937e-17
4.19076e+10 -0.0408937 -0.143303 -9.25937e-17
4.19392e+10 -0.0407374 -0.143461 -9.25937e-17
4.19707e+10 -0.040581 -0.14362 -9.97163e-17
4.20023e+10 -0.0404244 -0.143777 -9.97163e-17
4.20339e+10 -0.0402676 -0.143934 -9.25937e-17
4.20654e+10 -0.0401107 -0.144091 -9.97163e-17
4.2097e+10 -0.0399536 -0.144247 -9.97163e-17
4.21285e+10 -0.0397964 -0.144402 -1.13961e-16
4.21601e+10 -0.0396391 -0.144557 -1.06839e-16
4.21916e+10 -0.0394815 -0.144711 -1.06839e-16
4.22232e+10 -0.0393239 -0.144865 -1.13961e-16
4.22548e+10 -0.0391661 -0.145018 -1.06839e-16
4.22863e+10 -0.0390081 -0.145171 -1.06839e-16
4.23179e+10 -0.03885 -0.145323 -9.97163e-17
4.23494e+10 -0.0386918 -0.145475 -9.25937e-17
4.2381e+10 -0.0385334 -0.145626 -1.06839e-16
4.24125e+10 -0.0383748 -0.145776 -9.25937e-17
4.24441e+10 -0.0382162 -0.145926 -9.97163e-17
4.24757e+10 -0.0380573 -0.146076 -9.97163e-17
4.25072e+10 -0.0378984 -0.146225 -8.54711e-17
4.25388e+10 -0.0377393 -0.146373 -9.97163e-17
4.25703e+10 -0.0375801 -0.146521 -9.25937e-17
4.26019e+10 -0.0374207 -0.146668 -9.25937e-17
4.26334e+10 -0.0372612 -0.146815 -9.25937e-17
4.2665e+10 -0.0371015 -0.146961 -7.83485e-17
4.26966e+10 -0.0369417 -0.147107 -7.83485e-17
4.27281e+10 -0.0367818 -0.147252 -8.54711e-17
4.27597e+10 -0.0366218 -0.147396 -9.25937e-17
4.27912e+10 -0.0364616 -0.14754 -8.54711e-17
4.28228e+10 -0.0363013 -0.147684 -8.54711e-17
4.28543e+10 -0.0361408 -0.147827 -7.83485e-17
4.28859e+10 -0.0359803 -0.147969 -9.25937e-17
4.29175e+10 -0.0358196 -0.148111 -9.25937e-17
4.2949e+10 -0.0356587 -0.148253 -1.06839e-16
4.29806e+10 -0.0354978 -0.148394 -1.06839e-16
4.30121e+10 -0.0353367 -0.148534 -1.06839e-16
4.30437e+10 -0.0351755 -0.148674 -1.13961e-16
4.30752e+10 -0.0350141 -0.148813 -9.97163e-17
4.31068e+10 -0.0348527 -0.148952 -9.97163e-17
4.31384e+10 -0.0346911 -0.14909 -1.06839e-16
4.31699e+10 -0.0345294 -0.149228 -1.21084e-16
4.32015e+10 -0.0343675 -0.149365 -1.13961e-16
4.3233e+10 -0.0342056 -0.149502 -1.13961e-16
4.32646e+10 -0.0340435 -0.149638 -1.28207e-16
4.32961e+10 -0.0338813 -0.149774 -1.21084e-16
4.33277e+10 -0.033719 -0.149909 -1.35329e-16
4.33593e+10 -0.0335566 -0.150043 -1.35329e-16
4.33908e+10 -0.033394 -0.150177 -1.21084e-16
4.34224e+10 -0.0332314 -0.150311 -1.21084e-16
4.34539e+10 -0.0330686 -0.150444 -1.28207e-16
4.34855e+10 -0.0329057 -0.150576 -1.28207e-16
4.3517e+10 -0.0327427 -0.150708 -1.35329e-16
4.35486e+10 -0.0325796 -0.15084 -1.42452e-16
4.35802e+10 -0.0324164 -0.15097 -1.35329e-16
4.36117e+10 -0.032253 -0.151101 -1.49574e-16
4.36433e+10 -0.0320896 -0.151231 -1.42452e-16
4.36748e+10 -0.031926 -0.15136 -1.42452e-16
4.37064e+10 -0.0317623 -0.151489 -1.49574e-16
4.37379e+10 -0.0315985 -0.151617 -1.6382e-16
4.37695e+10 -0.0314347 -0.151745 -1.49574e-16
4.3801e+10 -0.0312707 -0.151872 -1.70942e-16
4.38326e+10 -0.0311066 -0.151999 -1.6382e-16
4.38642e+10 -0.0309423 -0.152125 -1.49574e-16
4.38957e+10 -0.030778 -0.152251 -1.70942e-16
4.39273e+10 -0.0306136 -0.152376 -1.56697e-16
4.39588e+10 -0.0304491 -0.152501 -1.6382e-16
4.39904e+10 -0.0302845 -0.152625 -1.70942e-16
4.40219e+10 -0.0301197 -0.152749 -1.6382e-16
4.40535e+10 -0.0299549 -0.152872 -1.6382e-16
4.40851e+10 -0.02979 -0.152995 -1.6382e-16
4.41166e+10 -0.029625 -0.153117 -1.56697e-16
4.41482e+10 -0.0294598 -0.153238 -1.56697e-16
4.41797e+10 -0.0292946 -0.153359 -1.56697e-16
4.42113e+10 -0.0291293 -0.15348 -1.56697e-16
4.42428e+10 -0.0289639 -0.1536 -1.49574e-16
4.42744e+10 -0.0287984 -0.15372 -1.56697e-16
4.4306e+10 -0.0286327 -0.153839 -1.6382e-16
4.43375e+10 -0.028467 -0.153957 -1.70942e-16
4.43691e+10 -0.0283012 -0.154075 -1.70942e-16
4.44006e+10 -0.0281353 -0.154193 -1.56697e-16
4.44322e+10 -0.0279694 -0.15431 -1.56697e-16
4.44637e+10 -0.0278033 -0.154426 -1.49574e-16
4.44953e+10 -0.0276371 -0.154542 -1.49574e-16
4.45269e+10 -0.0274709 -0.154658 -1.56697e-16
4.45584e+10 -0.0273045 -0.154773 -1.49574e-16
4.459e+10 -0.0271381 -0.154887 -1.49574e-16
4.46215e+10 -0.0269715 -0.155001 -1.49574e-16
4.46531e+10 -0.0268049 -0.155115 -1.56697e-16
4.46846e+10 -0.0266382 -0.155228 -1.56697e-16
4.47162e+10 -0.0264714 -0.15534 -1.56697e-16
4.47478e+10 -0.0263046 -0.155452 -1.56697e-16
4.47793e+10 -0.0261376 -0.155564 -1.56697e-16
4.48109e+10 -0.0259706 -0.155675 -1.56697e-16
4.48424e+10 -0.0258034 -0.155785 -1.6382e-16
4.4874e+10 -0.0256362 -0.155895 -1.49574e-16
4.49055e+10 -0.0254689 -0.156005 -1.6382e-16
4.49371e+10 -0.0253015 -0.156114 -1.6382e-16
4.49687e+10 -0.0251341 -0.156222 -1.6382e-16
4.50002e+10 -0.0249665 -0.15633 -1.78065e-16
4.50318e+10 -0.0247989 -0.156438 -1.78065e-16
4.50633e+10 -0.0246312 -0.156545 -1.78065e-16
4.50949e+10 -0.0244635 -0.156651 -1.70942e-16
4.51264e+10 -0.0242956 -0.156757 -1.78065e-16
4.5158e+10 -0.0241277 -0.156862 -1.70942e-16
4.51896e+10 -0.0239597 -0.156967 -1.70942e-16
4.52211e+10 -0.0237916 -0.157072 -1.6382e-16
4.52527e+10 -0.0236234 -0.157176 -1.6382e-16
4.52842e+10 -0.0234552 -0.157279 -1.6382e-16
4.53158e+10 -0.0232869 -0.157382 -1.6382e-16
4.53473e+10 -0.0231185 -0.157485 -1.6382e-16
4.53789e+10 -0.0229501 -0.157587 -1.70942e-16
4.54105e+10 -0.0227815 -0.157688 -1.6382e-16
4.5442e+10 -0.0226129 -0.157789 -1.6382e-16
4.54736e+10 -0.0224443 -0.15789 -1.70942e-16
4.55051e+10 -0.0222755 -0.15799 -1.70942e-16
4.55367e+10 -0.0221067 -0.158089 -1.78065e-16
4.55682e+10 -0.0219379 -0.158188 -1.6382e-16
4.55998e+10 -0.0217689 -0.158287 -1.49574e-16
4.56314e+10 -0.0215999 -0.158385 -1.56697e-16
4.56629e+10 -0.0214308 -0.158483 -1.70942e-16
4.56945e+10 -0.0212617 -0.15858 -1.6382e-16
4.5726e+10 -0.0210925 -0.158676 -1.70942e-16
4.57576e+10 -0.0209232 -0.158772 -1.78065e-16
4.57891e+10 -0.0207539 -0.158868 -1.78065e-16
4.58207e+10 -0.0205845 -0.158963 -1.70942e-16
4.58523e+10 -0.020415 -0.159058 -1.78065e-16
4.58838e+10 -0.0202455 -0.159152 -1.85187e-16
4.59154e+10 -0.0200759 -0.159245 -1.9231e-16
4.59469e+10 -0.0199062 -0.159338 -1.9231e-16
4.59785e+10 -0.0197365 -0.159431 -1.85187e-16
4.601e+10 -0.0195667 -0.159523 -1.9231e-16
4.60416e+10 -0.0193969 -0.159615 -1.99433e-16
4.60731e+10 -0.019227 -0.159706 -2.06555e-16
4.61047e+10 -0.019057 -0.159797 -2.06555e-16
4.61363e+10 -0.018887 -0.159887 -2.13678e-16
4.61678e+10 -0.018717 -0.159977 -2.208e-16
4.61994e+10 -0.0185468 -0.160066 -2.06555e-16
4.62309e+10 -0.0183766 -0.160155 -2.208e-16
4.62625e+10 -0.0182064 -0.160243 -2.208e-16
4.6294e+10 -0.0180361 -0.160331 -2.13678e-16
4.63256e+10 -0.0178658 -0.160418 -2.13678e-16
4.63572e+10 -0.0176954 -0.160505 -2.13678e-16
4.63887e+10 -0.0175249 -0.160591 -2.208e-16
4.64203e+10 -0.0173544 -0.160677 -2.27923e-16
4.64518e+10 -0.0171839 -0.160763 -2.35046e-16
4.64834e+10 -0.0170132 -0.160847 -2.35046e-16
4.65149e+10 -0.0168426 -0.160932 -2.35046e-16
4.65465e+10 -0.0166719 -0.161016 -2.27923e-16
4.65781e+10 -0.0165011 -0.161099 -2.35046e-16
4.66096e+10 -0.0163303 -0.161182 -2.27923e-16
4.66412e+10 -0.0161594 -0.161265 -2.35046e-16
4.66727e+10 -0.0159885 -0.161347 -2.27923e-16
4.67043e+10 -0.0158176 -0.161428 -2.35046e-16
4.67358e+10 -0.0156466 -0.161509 -2.27923e-16
4.67674e+10 -0.0154755 -0.16159 -2.42168e-16
4.6799e+10 -0.0153044 -0.16167 -2.42168e-16
4.68305e+10 -0.0151333 -0.16175 -2.208e-16
4.68621e+10 -0.0149621 -0.161829 -2.27923e-16
4.68936e+10 -0.0147909 -0.161907 -2.35046e-16
4.69252e+10 -0.0146196 -0.161986 -2.42168e-16
4.69567e+10 -0.0144483 -0.162063 -2.42168e-16
4.69883e+10 -0.0142769 -0.16214 -2.56413e-16
4.70199e+10 -0.0141055 -0.162217 -2.42168e-16
4.70514e+10 -0.0139341 -0.162293 -2.42168e-16
4.7083e+10 -0.0137626 -0.162369 -2.42168e-16
4.71145e+10 -0.0135911 -0.162445 -2.42168e-16
4.71461e+10 -0.0134195 -0.162519 -2.35046e-16
4.71776e+10 -0.0132479 -0.162594 -2.35046e-16
4.72092e+10 -0.0130763 -0.162668 -2.35046e-16
4.72408e+10 -0.0129046 -0.162741 -2.35046e-16
4.72723e+10 -0.0127329 -0.162814 -2.49291e-16
4.73039e+10 -0.0125611 -0.162886 -2.35046e-16
4.73354e+10 -0.0123893 -0.162958 -2.35046e-16
4.7367e+10 -0.0122175 -0.16303 -2.35046e-16
4.73985e+10 -0.0120456 -0.163101 -2.49291e-16
4.74301e+10 -0.0118738 -0.163172 -2.35046e-16
4.74617e+10 -0.0117018 -0.163242 -2.42168e-16
4.74932e+10 -0.0115299 -0.163311 -2.42168e-16
4.75248e+10 -0.0113579 -0.16338 -2.35046e-16
4.75563e+10 -0.0111858 -0.163449 -2.35046e-16
4.75879e+10 -0.0110138 -0.163517 -2.27923e-16
4.76194e+10 -0.0108417 -0.163585 -2.27923e-16
4.7651e+10 -0.0106695 -0.163652 -2.208e-16
4.76826e+10 -0.0104974 -0.163719 -2.208e-16
4.77141e+10 -0.0103252 -0.163785 -2.27923e-16
4.77457e+10 -0.010153 -0.163851 -2.27923e-16
4.77772e+10 -0.00998074 -0.163917 -2.208e-16
4.78088e+10 -0.00980846 -0.163982 -2.13678e-16
4.78403e+10 -0.00963616 -0.164046 -2.208e-16
4.78719e+10 -0.00946383 -0.16411 -2.27923e-16
4.79035e+10 -0.00929147 -0.164174 -2.35046e-16
4.7935e+10 -0.00911909 -0.164237 -2.13678e-16
4.79666e+10 -0.00894668 -0.164299 -2.208e-16
4.79981e+10 -0.00877425 -0.164361 -2.27923e-16
4.80297e+10 -0.00860179 -0.164423 -2.208e-16
4.80612e+10 -0.0084293 -0.164484 -2.208e-16
4.80928e+10 -0.00825679 -0.164545 -2.27923e-16
4.81244e+10 -0.00808426 -0.164605 -2.208e-16
4.81559e+10 -0.00791171 -0.164665 -2.208e-16
4.81875e+10 -0.00773913 -0.164724 -2.208e-16
4.8219e+10 -0.00756653 -0.164783 -2.208e-16
4.82506e+10 -0.00739391 -0.164841 -2.208e-16
4.82821e+10 -0.00722127 -0.164899 -2.27923e-16
4.83137e+10 -0.00704861 -0.164957 -2.27923e-16
4.83453e+10 -0.00687593 -0.165014 -2.27923e-16
4.83768e+10 -0.00670323 -0.16507 -2.35046e-16
4.84084e+10 -0.00653051 -0.165126 -2.42168e-16
4.84399e+10 -0.00635777 -0.165182 -2.35046e-16
4.84715e+10 -0.00618502 -0.165237 -2.35046e-16
4.8503e+10 -0.00601224 -0.165292 -2.42168e-16
4.85346e+10 -0.00583945 -0.165346 -2.27923e-16
4.85661e+10 -0.00566665 -0.1654 -2.42168e-16
4.85977e+10 -0.00549382 -0.165453 -2.42168e-16
4.86293e+10 -0.00532099 -0.165506 -2.35046e-16
4.86608e+10 -0.00514813 -0.165558 -2.49291e-16
4.86924e+10 -0.00497527 -0.16561 -2.56413e-16
4.87239e+10 -0.00480239 -0.165661 -2.56413e-16
4.87555e+10 -0.00462949 -0.165712 -2.56413e-16
4.8787e+10 -0.00445659 -0.165763 -2.49291e-16
4.88186e+10 -0.00428367 -0.165813 -2.56413e-16
4.88502e+10 -0.00411074 -0.165862 -2.56413e-16
4.88817e+10 -0.00393779 -0.165911 -2.56413e-16
4.89133e+10 -0.00376484 -0.16596 -2.70658e-16
4.89448e+10 -0.00359188 -0.166008 -2.63536e-16
4.89764e+10 -0.0034189 -0.166056 -2.63536e-16
4.90079e+10 -0.00324592 -0.166103 -2.77781e-16
4.90395e+10 -0.00307293 -0.16615 -2.84904e-16
4.90711e+10 -0.00289993 -0.166197 -2.70658e-16
4.91026e+10 -0.00272692 -0.166242 -2.77781e-16
4.91342e+10 -0.0025539 -0.166288 -2.77781e-16
4.91657e+10 -0.00238088 -0.166333 -2.84904e-16
4.91973e+10 -0.00220785 -0.166377 -2.92026e-16
4.92288e+10 -0.00203481 -0.166421 -2.70658e-16
4.92604e+10 -0.00186177 -0.166465 -2.77781e-16
4.9292e+10 -0.00168872 -0.166508 -2.77781e-16
4.93235e+10 -0.00151567 -0.166551 -2.56413e-16
4.93551e+10 -0.00134262 -0.166593 -2.70658e-16
4.93866e+10 -0.00116956 -0.166635 -2.56413e-16
4.94182e+10 -0.000996494 -0.166676 -2.63536e-16
4.94497e+10 -0.000823429 -0.166717 -2.63536e-16
4.94813e+10 -0.000650362 -0.166757 -2.56413e-16
4.95129e+10 -0.000477293 -0.166797 -2.63536e-16
4.95444e+10 -0.000304222 -0.166837 -2.49291e-16
4.9576e+10 -0.000131151 -0.166876 -2.56413e-16
4.96075e+10 4.19207e-05 -0.166915 -2.49291e-16
4.96391e+10 0.000214992 -0.166953 -2.56413e-16
4.96706e+10 0.000388063 -0.16699 -2.56413e-16
4.97022e+10 0.000561133 -0.167028 -2.42168e-16
4.97338e+10 0.000734202 -0.167064 -2.56413e-16
4.97653e+10 0.000907268 -0.167101 -2.49291e-16
4.97969e+10 0.00108033 -0.167137 -2.49291e-16
4.98284e+10 0.00125339 -0.167172 -2.49291e-16
4.986e+10 0.00142645 -0.167207 -2.42168e-16
4.98915e+10 0.0015995 -0.167241 -2.35046e-16
4.99231e+10 0.00177255 -0.167275 -2.42168e-16
4.99547e+10 0.0019456 -0.167309 -2.42168e-16
4.99862e+10 0.00211864 -0.167342 -2.35046e-16
5.00178e+10 0.00229167 -0.167375 -2.35046e-16
5.00493e+10 0.0024647 -0.167407 -2.27923e-16
5.00809e+10 0.00263772 -0.167439 -2.27923e-16
5.01124e+10 0.00281073 -0.16747 -2.35046e-16
5.0144e+10 0.00298374 -0.167501 -2.35046e-16
5.01756e+10 0.00315674 -0.167531 -2.208e-16
5.02071e+10 0.00332973 -0.167561 -2.27923e-16
5.02387e+10 0.00350271 -0.167591 -2.42168e-16
5.02702e+10 0.00367568 -0.16762 -2.35046e-16
5.03018e+10 0.00384864 -0.167649 -2.42168e-16
5.03333e+10 0.00402159 -0.167677 -2.42168e-16
5.03649e+10 0.00419453 -0.167704 -2.42168e-16
5.03965e+10 0.00436746 -0.167732 -2.42168e-16
5.0428e+10 0.00454038 -0.167759 -2.56413e-16
5.04596e+10 0.00471328 -0.167785 -2.49291e-16
5.04911e+10 0.00488617 -0.167811 -2.35046e-16
5.05227e+10 0.00505905 -0.167836 -2.42168e-16
5.05542e+10 0.00523192 -0.167861 -2.35046e-16
5.05858e+10 0.00540477 -0.167886 -2.35046e-16
5.06174e+10 0.00557761 -0.16791 -2.42168e-16
5.06489e+10 0.00575043 -0.167934 -2.27923e-16
5.06805e+10 0.00592323 -0.167957 -2.27923e-16
5.0712e+10 0.00609603 -0.16798 -2.35046e-16
5.07436e+10 0.0062688 -0.168002 -2.42168e-16
5.07751e+10 0.00644156 -0.168024 -2.35046e-16
5.08067e+10 0.0066143 -0.168045 -2.35046e-16
5.08382e+10 0.00678702 -0.168066 -2.27923e-16
5.08698e+10 0.00695973 -0.168087 -2.27923e-16
5.09014e+10 0.00713241 -0.168107 -2.35046e-16
5.09329e+10 0.00730508 -0.168126 -2.208e-16
5.09645e+10 0.00747773 -0.168146 -2.208e-16
5.0996e+10 0.00765036 -0.168164 -2.208e-16
5.10276e+10 0.00782296 -0.168183 -2.27923e-16
5.10591e+10 0.00799555 -0.168201 -2.42168e-16
5.10907e+10 0.00816812 -0.168218 -2.42168e-16
5.11223e+10 0.00834066 -0.168235 -2.35046e-16
5.11538e+10 0.00851318 -0.168251 -2.208e-16
5.11854e+10 0.00868568 -0.168267 -2.208e-16
5.12169e+10 0.00885816 -0.168283 -2.208e-16
5.12485e+10 0.00903061 -0.168298 -2.208e-16
5.128e+10 0.00920304 -0.168313 -2.27923e-16
5.13116e+10 0.00937545 -0.168327 -2.13678e-16
5.13432e+10 0.00954782 -0.168341 -2.35046e-16
5.13747e+10 0.00972018 -0.168354 -2.27923e-16
5.14063e+10 0.00989251 -0.168367 -2.35046e-16
5.14378e+10 0.0100648 -0.16838 -2.27923e-16
5.14694e+10 0.0102371 -0.168392 -2.35046e-16
5.15009e+10 0.0104093 -0.168403 -2.42168e-16
5.15325e+10 0.0105816 -0.168415 -2.42168e-16
5.15641e+10 0.0107538 -0.168425 -2.42168e-16
5.15956e+10 0.0109259 -0.168436 -2.35046e-16
5.16272e+10 0.0110981 -0.168445 -2.42168e-16
5.16587e+10 0.0112702 -0.168455 -2.49291e-16
5.16903e+10 0.0114422 -0.168464 -2.49291e-16
5.17218e+10 0.0116143 -0.168472 -2.49291e-16
5.17534e+10 0.0117863 -0.16848 -2.70658e-16
5.1785e+10 0.0119583 -0.168488 -2.63536e-16
5.18165e+10 0.0121302 -0.168495 -2.56413e-16
5.18481e+10 0.0123022 -0.168502 -2.63536e-16
5.18796e+10 0.0124741 -0.168508 -2.63536e-16
5.19112e+10 0.0126459 -0.168514 -2.63536e-16
5.19427e+10 0.0128177 -0.168519 -2.63536e-16
5.19743e+10 0.0129895 -0.168524 -2.63536e-16
5.20059e+10 0.0131613 -0.168529 -2.49291e-16
5.20374e+10 0.013333 -0.168533 -2.70658e-16
5.2069e+10 0.0135047 -0.168536 -2.70658e-16
5.21005e+10 0.0136763 -0.16854 -2.63536e-16
5.21321e+10 0.013848 -0.168542 -2.77781e-16
5.21636e+10 0.0140195 -0.168545 -2.56413e-16
5.21952e+10 0.0141911 -0.168546 -2.70658e-16
5.22268e+10 0.0143626 -0.168548 -2.56413e-16
5.22583e+10 0.014534 -0.168549 -2.49291e-16
5.22899e+10 0.0147055 -0.168549 -2.70658e-16
5.23214e+10 0.0148769 -0.168549 -2.63536e-16
5.2353e+10 0.0150482 -0.168549 -2.63536e-16
5.23845e+10 0.0152195 -0.168548 -2.49291e-16
5.24161e+10 0.0153908 -0.168547 -2.63536e-16
5.24477e+10 0.015562 -0.168545 -2.49291e-16
5.24792e+10 0.0157332 -0.168543 -2.49291e-16
5.25108e+10 0.0159044 -0.168541 -2.49291e-16
5.25423e+10 0.0160755 -0.168538 -2.56413e-16
5.25739e+10 0.0162466 -0.168534 -2.56413e-16
5.26054e+10 0.0164176 -0.16853 -2.63536e-16
5.2637e+10 0.0165886 -0.168526 -2.56413e-16
5.26686e+10 0.0167595 -0.168521 -2.56413e-16
5.27001e+10 0.0169304 -0.168516 -2.63536e-16
5.27317e+10 0.0171012 -0.16851 -2.63536e-16
5.27632e+10 0.017272 -0.168504 -2.56413e-16
5.27948e+10 0.0174428 -0.168498 -2.70658e-16
5.28263e+10 0.0176135 -0.168491 -2.77781e-16
5.28579e+10 0.0177842 -0.168483 -2.77781e-16
5.28895e+10 0.0179548 -0.168476 -2.84904e-16
5.2921e+10 0.0181254 -0.168467 -2.84904e-16
5.29526e+10 0.0182959 -0.168459 -2.92026e-16
5.29841e+10 0.0184664 -0.168449 -2.92026e-16
5.30157e+10 0.0186368 -0.16844 -2.99149e-16
5.30472e+10 0.0188072 -0.16843 -2.99149e-16
5.30788e+10 0.0189776 -0.168419 -2.99149e-16
5.31104e+10 0.0191478 -0.168408 -2.92026e-16
5.31419e+10 0.0193181 -0.168397 -2.99149e-16
5.31735e+10 0.0194883 -0.168385 -2.92026e-16
5.3205e+10 0.0196584 -0.168373 -2.99149e-16
5.32366e+10 0.0198285 -0.16836 -3.06271e-16
5.32681e+10 0.0199985 -0.168347 -3.13394e-16
5.32997e+10 0.0201685 -0.168334 -3.13394e-16
5.33312e+10 0.0203384 -0.16832 -3.13394e-16
5.33628e+10 0.0205083 -0.168305 -3.06271e-16
5.33944e+10 0.0206781 -0.16829 -2.92026e-16
5.34259e+10 0.0208479 -0.168275 -3.06271e-16
5.34575e+10 0.0210176 -0.168259 -2.84904e-16
5.3489e+10 0.0211873 -0.168243 -2.99149e-16
5.35206e+10 0.0213569 -0.168227 -3.06271e-16
5.35521e+10 0.0215264 -0.16821 -2.92026e-16
5.35837e+10 0.0216959 -0.168192 -2.99149e-16
5.36153e+10 0.0218653 -0.168174 -2.92026e-16
5.36468e+10 0.0220347 -0.168156 -2.99149e-16
5.36784e+10 0.022204 -0.168137 -2.99149e-16
5.37099e+10 0.0223733 -0.168118 -3.13394e-16
5.37415e+10 0.0225425 -0.168098 -3.06271e-16
5.3773e+10 0.0227116 -0.168078 -3.06271e-16
5.38046e+10 0.0228807 -0.168057 -2.99149e-16
5.38362e+10 0.0230498 -0.168036 -2.99149e-16
5.38677e+10 0.0232187 -0.168015 -3.06271e-16
5.38993e+10 0.0233876 -0.167993 -3.20517e-16
5.39308e+10 0.0235565 -0.167971 -3.06271e-16
5.39624e+10 0.0237253 -0.167948 -3.06271e-16
5.39939e+10 0.023894 -0.167925 -3.20517e-16
5.40255e+10 0.0240627 -0.167901 -3.13394e-16
5.40571e+10 0.0242313 -0.167877 -3.06271e-16
5.40886e+10 0.0243998 -0.167853 -3.20517e-16
5.41202e+10 0.0245683 -0.167828 -3.13394e-16
5.41517e+10 0.0247367 -0.167803 -3.20517e-16
5.41833e+10 0.024905 -0.167777 -3.20517e-16
5.42148e+10 0.0250733 -0.167751 -3.20517e-16
5.42464e+10 0.0252415 -0.167724 -3.27639e-16
5.4278e+10 0.0254097 -0.167697 -3.27639e-16
5.43095e+10 0.0255777 -0.167669 -3.20517e-16
5.43411e+10 0.0257458 -0.167641 -3.27639e-16
5.43726e+10 0.0259137 -0.167613 -3.20517e-16
5.44042e+10 0.0260816 -0.167584 -3.34762e-16
5.44357e+10 0.0262494 -0.167555 -3.41884e-16
5.44673e+10 0.0264172 -0.167525 -3.34762e-16
5.44989e+10 0.0265848 -0.167495 -3.34762e-16
5.45304e+10 0.0267524 -0.167464 -3.41884e-16
5.4562e+10 0.02692 -0.167433 -3.27639e-16
5.45935e+10 0.0270875 -0.167402 -3.27639e-16
5.46251e+10 0.0272549 -0.16737 -3.34762e-16
5.46566e+10 0.0274222 -0.167338 -3.20517e-16
5.46882e+10 0.0275894 -0.167305 -3.34762e-16
5.47198e+10 0.0277566 -0.167272 -3.27639e-16
5.47513e+10 0.0279237 -0.167238 -3.34762e-16
5.47829e+10 0.0280908 -0.167204 -3.27639e-16
5.48144e+10 0.0282577 -0.16717 -3.27639e-16
5.4846e+10 0.0284246 -0.167135 -3.34762e-16
5.48775e+10 0.0285915 -0.167099 -3.49007e-16
5.49091e+10 0.0287582 -0.167063 -3.27639e-16
5.49407e+10 0.0289249 -0.167027 -3.27639e-16
5.49722e+10 0.0290915 -0.166991 -3.20517e-16
5.50038e+10 0.029258 -0.166953 -3.20517e-16
5.50353e+10 0.0294244 -0.166916 -3.20517e-16
5.50669e+10 0.0295908 -0.166878 -3.06271e-16
5.50984e+10 0.0297571 -0.166839 -3.13394e-16
5.513e+10 0.0299233 -0.166801 -3.13394e-16
5.51616e+10 0.0300894 -0.166761 -3.06271e-16
5.51931e+10 0.0302555 -0.166722 -3.06271e-16
5.52247e+10 0.0304215 -0.166681 -3.20517e-16
5.52562e+10 0.0305873 -0.166641 -2.99149e-16
5.52878e+10 0.0307532 -0.1666 -3.06271e-16
5.53193e+10 0.0309189 -0.166558 -2.99149e-16
5.53509e+10 0.0310846 -0.166517 -3.06271e-16
5.53825e+10 0.0312501 -0.166474 -3.06271e-16
5.5414e+10 0.0314156 -0.166431 -3.13394e-16
5.54456e+10 0.031581 -0.166388 -3.13394e-16
5.54771e+10 0.0317464 -0.166345 -3.20517e-16
5.55087e+10 0.0319116 -0.166301 -3.20517e-16
5.55402e+10 0.0320768 -0.166256 -3.13394e-16
5.55718e+10 0.0322419 -0.166211 -3.13394e-16
5.56033e+10 0.0324068 -0.166166 -3.20517e-16
5.56349e+10 0.0325718 -0.16612 -3.20517e-16
5.56665e+10 0.0327366 -0.166074 -3.06271e-16
5.5698e+10 0.0329013 -0.166027 -3.06271e-16
5.57296e+10 0.033066 -0.16598 -3.06271e-16
5.57611e+10 0.0332305 -0.165932 -3.13394e-16
5.57927e+10 0.033395 -0.165884 -3.20517e-16
5.58242e+10 0.0335594 -0.165836 -3.06271e-16
5.58558e+10 0.0337237 -0.165787 -2.99149e-16
5.58874e+10 0.0338879 -0.165738 -2.99149e-16
5.59189e+10 0.0340521 -0.165688 -2.99149e-16
5.59505e+10 0.0342161 -0.165638 -3.06271e-16
5.5982e+10 0.03438 -0.165588 -3.06271e-16
5.60136e+10 0.0345439 -0.165537 -2.99149e-16
5.60451e+10 0.0347077 -0.165485 -2.99149e-16
5.60767e+10 0.0348713 -0.165433 -2.99149e-16
5.61083e+10 0.0350349 -0.165381 -2.99149e-16
5.61398e+10 0.0351984 -0.165328 -2.92026e-16
5.61714e+10 0.0353618 -0.165275 -2.92026e-16
5.62029e+10 0.0355251 -0.165221 -2.92026e-16
5.62345e+10 0.0356883 -0.165167 -2.92026e-16
5.6266e+10 0.0358515 -0.165113 -2.92026e-16
5.62976e+10 0.0360145 -0.165058 -2.84904e-16
5.63292e+10 0.0361774 -0.165003 -2.84904e-16
5.63607e+10 0.0363403 -0.164947 -2.77781e-16
5.63923e+10 0.036503 -0.164891 -2.70658e-16
5.64238e+10 0.0366656 -0.164834 -2.77781e-16
5.64554e+10 0.0368282 -0.164777 -2.56413e-16
5.64869e+10 0.0369906 -0.164719 -2.49291e-16
5.65185e+10 0.037153 -0.164661 -2.49291e-16
5.65501e+10 0.0373153 -0.164603 -2.63536e-16
5.65816e+10 0.0374774 -0.164544 -2.63536e-16
5.66132e+10 0.0376395 -0.164485 -2.63536e-16
5.66447e+10 0.0378014 -0.164425 -2.63536e-16
5.66763e+10 0.0379633 -0.164365 -2.56413e-16
5.67078e+10 0.038125 -0.164304 -2.56413e-16
5.67394e+10 0.0382867 -0.164243 -2.56413e-16
5.6771e+10 0.0384483 -0.164182 -2.56413e-16
5.68025e+10 0.0386097 -0.16412 -2.63536e-16
5.68341e+10 0.0387711 -0.164058 -2.56413e-16
5.68656e+10 0.0389323 -0.163995 -2.63536e-16
5.68972e+10 0.0390935 -0.163932 -2.63536e-16
5.69287e+10 0.0392545 -0.163868 -2.56413e-16
5.69603e+10 0.0394154 -0.163804 -2.56413e-16
5.69919e+10 0.0395763 -0.16374 -2.56413e-16
5.70234e+10 0.039737 -0.163675 -2.56413e-16
5.7055e+10 0.0398976 -0.16361 -2.56413e-16
5.70865e+10 0.0400581 -0.163544 -2.56413e-16
5.71181e+10 0.0402186 -0.163478 -2.49291e-16
5.71496e+10 0.0403789 -0.163411 -2.56413e-16
5.71812e+10 0.0405391 -0.163344 -2.56413e-16
5.72128e+10 0.0406992 -0.163276 -2.56413e-16
5.72443e+10 0.0408591 -0.163208 -2.63536e-16
5.72759e+10 0.041019 -0.16314 -2.49291e-16
5.73074e+10 0.0411788 -0.163071 -2.49291e-16
5.7339e+10 0.0413384 -0.163002 -2.49291e-16
5.73705e+10 0.041498 -0.162932 -2.49291e-16
5.74021e+10 0.0416574 -0.162862 -2.49291e-16
5.74337e+10 0.0418167 -0.162792 -2.56413e-16
5.74652e+10 0.0419759 -0.162721 -2.49291e-16
5.74968e+10 0.042135 -0.162649 -2.56413e-16
5.75283e+10 0.042294 -0.162577 -2.56413e-16
5.75599e+10 0.0424529 -0.162505 -2.56413e-16
5.75914e+10 0.0426116 -0.162432 -2.56413e-16
5.7623e+10 0.0427703 -0.162359 -2.56413e-16
5.76546e+10 0.0429288 -0.162286 -2.56413e-16
5.76861e+10 0.0430872 -0.162211 -2.56413e-16
5.77177e+10 0.0432455 -0.162137 -2.49291e-16
5.77492e+10 0.0434037 -0.162062 -2.63536e-16
5.77808e+10 0.0435618 -0.161987 -2.49291e-16
5.78123e+10 0.0437197 -0.161911 -2.49291e-16
5.78439e+10 0.0438775 -0.161835 -2.49291e-16
5.78754e+10 0.0440353 -0.161758 -2.42168e-16
5.7907e+10 0.0441929 -0.161681 -2.56413e-16
5.79386e+10 0.0443503 -0.161604 -2.49291e-16
5.79701e+10 0.0445077 -0.161526 -2.49291e-16
5.80017e+10 0.0446649 -0.161447 -2.56413e-16
5.80332e+10 0.044822 -0.161368 -2.42168e-16
5.80648e+10 0.044979 -0.161289 -2.49291e-16
5.80963e+10 0.0451359 -0.161209 -2.49291e-16
5.81279e+10 0.0452927 -0.161129 -2.42168e-16
5.81595e+10 0.0454493 -0.161049 -2.42168e-16
5.8191e+10 0.0456058 -0.160968 -2.49291e-16
5.82226e+10 0.0457622 -0.160886 -2.49291e-16
5.82541e+10 0.0459184 -0.160804 -2.49291e-16
5.82857e+10 0.0460746 -0.160722 -2.49291e-16
5.83172e+10 0.0462306 -0.160639 -2.56413e-16
5.83488e+10 0.0463865 -0.160556 -2.49291e-16
5.83804e+10 0.0465422 -0.160473 -2.49291e-16
5.84119e+10 0.0466978 -0.160388 -2.63536e-16
5.84435e+10 0.0468533 -0.160304 -2.63536e-16
5.8475e+10 0.0470087 -0.160219 -2.56413e-16
5.85066e+10 0.047164 -0.160134 -2.63536e-16
5.85381e+10 0.0473191 -0.160048 -2.49291e-16
5.85697e+10 0.0474741 -0.159962 -2.42168e-16
5.86013e+10 0.0476289 -0.159875 -2.42168e-16
5.86328e+10 0.0477837 -0.159788 -2.52852e-16
5.86644e+10 0.0479383 -0.1597 -2.49291e-16
5.86959e+10 0.0480927 -0.159612 -2.45729e-16
5.87275e+10 0.0482471 -0.159524 -2.38607e-16
5.8759e+10 0.0484013 -0.159435 -2.49291e-16
5.87906e+10 0.0485553 -0.159346 -2.52852e-16
5.88222e+10 0.0487093 -0.159256 -2.49291e-16
5.88537e+10 0.0488631 -0.159166 -2.45729e-16
5.88853e+10 0.0490168 -0.159075 -2.49291e-16
5.89168e+10 0.0491703 -0.158984 -2.42168e-16
5.89484e+10 0.0493237 -0.158893 -2.38607e-16
5.89799e+10 0.049477 -0.158801 -2.42168e-16
5.90115e+10 0.0496301 -0.158708 -2.35046e-16
5.90431e+10 0.0497831 -0.158616 -2.38607e-16
5.90746e+10 0.0499359 -0.158522 -2.49291e-16
5.91062e+10 0.0500886 -0.158429 -2.45729e-16
5.91377e+10 0.0502412 -0.158335 -2.52852e-16
5.91693e+10 0.0503937 -0.15824 -2.49291e-16
5.92008e+10 0.050546 -0.158145 -2.42168e-16
5.92324e+10 0.0506981 -0.15805 -2.31484e-16
5.9264e+10 0.0508501 -0.157954 -2.35046e-16
5.92955e+10 0.051002 -0.157857 -2.24362e-16
5.93271e+10 0.0511537 -0.157761 -2.208e-16
5.93586e+10 0.0513053 -0.157663 -2.17239e-16
5.93902e+10 0.0514568 -0.157566 -2.10116e-16
5.94217e+10 0.0516081 -0.157468 -2.24362e-16
5.94533e+10 0.0517593 -0.157369 -2.27923e-16
5.94849e+10 0.0519103 -0.15727 -2.27923e-16
5.95164e+10 0.0520611 -0.157171 -2.27923e-16
5.9548e+10 0.0522119 -0.157071 -2.27923e-16
5.95795e+10 0.0523625 -0.156971 -2.27923e-16
5.96111e+10 0.0525129 -0.15687 -2.208e-16
5.96426e+10 0.0526632 -0.156769 -2.24362e-16
5.96742e+10 0.0528133 -0.156667 -2.10116e-16
5.97058e+10 0.0529633 -0.156565 -2.10116e-16
5.97373e+10 0.0531132 -0.156463 -2.10116e-16
5.97689e+10 0.0532628 -0.15636 -2.13678e-16
5.98004e+10 0.0534124 -0.156257 -2.10116e-16
5.9832e+10 0.0535618 -0.156153 -2.13678e-16
5.98635e+10 0.053711 -0.156049 -2.06555e-16
5.98951e+10 0.0538601 -0.155944 -2.06555e-16
5.99267e+10 0.0540091 -0.155839 -2.10116e-16
5.99582e+10 0.0541578 -0.155734 -2.10116e-16
5.99898e+10 0.0543065 -0.155628 -2.02994e-16
6.00213e+10 0.054455 -0.155521 -2.06555e-16
6.00529e+10 0.0546033 -0.155414 -1.99433e-16
6.00844e+10 0.0547514 -0.155307 -2.02994e-16
6.0116e+10 0.0548995 -0.155199 -1.99433e-16
6.01476e+10 0.0550473 -0.155091 -2.02994e-16
6.01791e+10 0.055195 -0.154982 -2.02994e-16
6.02107e+10 0.0553426 -0.154873 -1.81626e-16
6.02422e+10 0.05549 -0.154764 -1.85187e-16
6.02738e+10 0.0556372 -0.154654 -1.88749e-16
6.03053e+10 0.0557843 -0.154544 -1.81626e-16
6.03369e+10 0.0559312 -0.154433 -1.78065e-16
6.03684e+10 0.0560779 -0.154321 -1.74504e-16
6.04e+10 0.0562245 -0.15421 -1.78065e-16
6.04316e+10 0.0563709 -0.154098 -1.74504e-16
6.04631e+10 0.0565172 -0.153985 -1.70942e-16
6.04947e+10 0.0566633 -0.153872 -1.74504e-16
6.05262e+10 0.0568092 -0.153758 -1.74504e-16
6.05578e+10 0.056955 -0.153645 -1.70942e-16
6.05893e+10 0.0571006 -0.15353 -1.70942e-16
6.06209e+10 0.0572461 -0.153415 -1.67381e-16
6.06525e+10 0.0573914 -0.1533 -1.67381e-16
6.0684e+10 0.0575365 -0.153184 -1.56697e-16
6.07156e+10 0.0576814 -0.153068 -1.67381e-16
6.07471e+10 0.0578262 -0.152952 -1.6382e-16
6.07787e+10 0.0579708 -0.152835 -1.70942e-16
6.08102e+10 0.0581153 -0.152717 -1.74504e-16
6.08418e+10 0.0582596 -0.152599 -1.67381e-16
6.08734e+10 0.0584037 -0.152481 -1.67381e-16
6.09049e+10 0.0585476 -0.152362 -1.60258e-16
6.09365e+10 0.0586914 -0.152243 -1.53136e-16
6.0968e+10 0.058835 -0.152123 -1.60258e-16
6.09996e+10 0.0589784 -0.152003 -1.53136e-16
6.10311e+10 0.0591216 -0.151882 -1.49574e-16
6.10627e+10 0.0592647 -0.151761 -1.46013e-16
6.10943e+10 0.0594076 -0.15164 -1.31768e-16
6.11258e+10 0.0595503 -0.151518 -1.42452e-16
6.11574e+10 0.0596929 -0.151396 -1.38891e-16
6.11889e+10 0.0598353 -0.151273 -1.35329e-16
6.12205e+10 0.0599775 -0.15115 -1.35329e-16
6.1252e+10 0.0601195 -0.151026 -1.42452e-16
6.12836e+10 0.0602614 -0.150902 -1.46013e-16
6.13152e+10 0.060403 -0.150777 -1.38891e-16
6.13467e+10 0.0605445 -0.150652 -1.38891e-16
6.13783e+10 0.0606858 -0.150527 -1.49574e-16
6.14098e+10 0.060827 -0.150401 -1.53136e-16
6.14414e+10 0.0609679 -0.150274 -1.56697e-16
6.14729e+10 0.0611087 -0.150147 -1.6382e-16
6.15045e+10 0.0612493 -0.15002 -1.6382e-16
6.15361e+10 0.0613897 -0.149892 -1.67381e-16
6.15676e+10 0.0615299 -0.149764 -1.6382e-16
6.15992e+10 0.0616699 -0.149636 -1.6382e-16
6.16307e+10 0.0618098 -0.149507 -1.56697e-16
6.16623e+10 0.0619495 -0.149377 -1.60258e-16
6.16938e+10 0.0620889 -0.149247 -1.67381e-16
6.17254e+10 0.0622282 -0.149117 -1.56697e-16
6.1757e+10 0.0623674 -0.148986 -1.6382e-16
6.17885e+10 0.0625063 -0.148855 -1.67381e-16
6.18201e+10 0.062645 -0.148723 -1.78065e-16
6.18516e+10 0.0627836 -0.148591 -1.78065e-16
6.18832e+10 0.0629219 -0.148458 -1.74504e-16
6.19147e+10 0.0630601 -0.148325 -1.67381e-16
6.19463e+10 0.063198 -0.148191 -1.67381e-16
6.19779e+10 0.0633358 -0.148057 -1.60258e-16
6.20094e+10 0.0634734 -0.147923 -1.56697e-16
6.2041e+10 0.0636108 -0.147788 -1.6382e-16
6.20725e+10 0.063748 -0.147653 -1.53136e-16
6.21041e+10 0.063885 -0.147517 -1.56697e-16
6.21356e+10 0.0640218 -0.147381 -1.56697e-16
6.21672e+10 0.0641585 -0.147244 -1.53136e-16
6.21988e+10 0.0642949 -0.147107 -1.53136e-16
6.22303e+10 0.0644311 -0.146969 -1.49574e-16
6.22619e+10 0.0645671 -0.146831 -1.53136e-16
6.22934e+10 0.064703 -0.146692 -1.56697e-16
6.2325e+10 0.0648386 -0.146554 -1.60258e-16
6.23565e+10 0.064974 -0.146414 -1.67381e-16
6.23881e+10 0.0651092 -0.146274 -1.60258e-16
6.24197e+10 0.0652443 -0.146134 -1.56697e-16
6.24512e+10 0.0653791 -0.145993 -1.56697e-16
6.24828e+10 0.0655137 -0.145852 -1.53136e-16
6.25143e+10 0.0656481 -0.14571 -1.60258e-16
6.25459e+10 0.0657823 -0.145568 -1.60258e-16
6.25774e+10 0.0659164 -0.145426 -1.67381e-16
6.2609e+10 0.0660502 -0.145283 -1.6382e-16
6.26405e+10 0.0661838 -0.145139 -1.60258e-16
6.26721e+10 0.0663172 -0.144995 -1.60258e-16
6.27037e+10 0.0664503 -0.144851 -1.6382e-16
6.27352e+10 0.0665833 -0.144706 -1.6382e-16
6.27668e+10 0.0667161 -0.144561 -1.53136e-16
6.27983e+10 0.0668486 -0.144415 -1.56697e-16
6.28299e+10 0.066981 -0.144269 -1.56697e-16
6.28614e+10 0.0671131 -0.144122 -1.60258e-16
6.2893e+10 0.0672451 -0.143975 -1.53136e-16
6.29246e+10 0.0673768 -0.143827 -1.53136e-16
6.29561e+10 0.0675083 -0.143679 -1.6382e-16
6.29877e+10 0.0676395 -0.143531 -1.60258e-16
6.30192e+10 0.0677706 -0.143382 -1.53136e-16
6.30508e+10 0.0679015 -0.143233 -1.56697e-16
6.30823e+10 0.0680321 -0.143083 -1.53136e-16
6.31139e+10 0.0681625 -0.142932 -1.49574e-16
6.31455e+10 0.0682927 -0.142782 -1.46013e-16
6.3177e+10 0.0684227 -0.14263 -1.42452e-16
6.32086e+10 0.0685525 -0.142479 -1.38891e-16
6.32401e+10 0.068682 -0.142327 -1.28207e-16
6.32717e+10 0.0688114 -0.142174 -1.24645e-16
6.33032e+10 0.0689405 -0.142021 -1.24645e-16
6.33348e+10 0.0690693 -0.141867 -1.24645e-16
6.33664e+10 0.069198 -0.141713 -1.31768e-16
6.33979e+10 0.0693264 -0.141559 -1.35329e-16
