DIM 3
BH_DATA
0 0 0
EVOLUTION_DATA
0 0.0386 0.0213 0
3.1557e+07 0.0386 0.0213 0
6.31139e+07 0.0386034 0.0219741 1.78065e-18
9.46709e+07 0.0386012 0.022645 3.5613e-18
1.26228e+08 0.0385936 0.0233128 3.5613e-18
1.57785e+08 0.0385806 0.0239773 3.5613e-18
1.89342e+08 0.0385624 0.0246385 0
2.20899e+08 0.0385391 0.0252965 -1.78065e-18
2.52456e+08 0.0385108 0.0259512 -1.78065e-18
2.84013e+08 0.0384776 0.0266026 8.90324e-19
3.1557e+08 0.0384396 0.0272508 0
3.47126e+08 0.038397 0.0278956 0
3.78683e+08 0.0383499 0.0285371 0
4.1024e+08 0.0382983 0.0291753 -1.78065e-18
4.41797e+08 0.0382423 0.0298102 -8.90324e-19
4.73354e+08 0.0381821 0.0304418 3.5613e-18
5.04911e+08 0.0381177 0.0310701 1.78065e-18
5.36468e+08 0.0380493 0.031695 3.5613e-18
5.68025e+08 0.0379768 0.0323166 2.67097e-18
5.99582e+08 0.0379005 0.032935 2.67097e-18
6.31139e+08 0.0378204 0.03355 3.5613e-18
6.62696e+08 0.0377366 0.0341617 1.78065e-18
6.94253e+08 0.0376492 0.0347702 1.78065e-18
7.2581e+08 0.0375582 0.0353754 2.67097e-18
7.57367e+08 0.0374637 0.0359773 2.67097e-18
7.88924e+08 0.0373659 0.0365759 1.78065e-18
8.20481e+08 0.0372647 0.0371713 1.78065e-18
8.52038e+08 0.0371603 0.0377635 1.78065e-18
8.83595e+08 0.0370527 0.0383524 1.33549e-18
9.15152e+08 0.036942 0.0389382 2.22581e-18
9.46709e+08 0.0368283 0.0395207 2.67097e-18
9.78266e+08 0.0367117 0.0401001 4.00646e-18
1.00982e+09 0.0365921 0.0406763 2.67097e-18
1.04138e+09 0.0364697 0.0412494 5.78711e-18
1.07294e+09 0.0363445 0.0418193 5.78711e-18
1.10449e+09 0.0362167 0.0423861 7.12259e-18
1.13605e+09 0.0360861 0.0429498 8.45808e-18
1.16761e+09 0.035953 0.0435104 4.89678e-18
1.19916e+09 0.0358173 0.0440679 6.23227e-18
1.23072e+09 0.0356792 0.0446224 4.22904e-18
1.26228e+09 0.0355386 0.0451739 5.34194e-18
1.29384e+09 0.0353957 0.0457223 4.6742e-18
1.32539e+09 0.0352504 0.0462678 3.67259e-18
1.35695e+09 0.0351029 0.0468102 3.45001e-18
1.38851e+09 0.0349531 0.0473497 3.61694e-18
1.42006e+09 0.0348012 0.0478863 3.5613e-18
1.45162e+09 0.0346471 0.0484199 4.79245e-18
1.48318e+09 0.034491 0.0489506 3.53347e-18
1.51473e+09 0.0343328 0.0494784 4.61856e-18
1.54629e+09 0.0341726 0.0500034 3.5613e-18
1.57785e+09 0.0340105 0.0505255 3.67259e-18
1.6094e+09 0.0338465 0.0510447 6.90001e-18
1.64096e+09 0.0336806 0.0515612 5.56452e-18
1.67252e+09 0.0335128 0.0520748 5.11936e-18
1.70408e+09 0.0333433 0.0525857 6.45485e-18
1.73563e+09 0.033172 0.0530937 5.56452e-18
1.76719e+09 0.032999 0.0535991 5.34194e-18
1.79875e+09 0.0328244 0.0541017 5.34194e-18
1.8303e+09 0.0326481 0.0546016 5.78711e-18
1.86186e+09 0.0324701 0.0550989 6.67743e-18
1.89342e+09 0.0322906 0.0555934 3.11613e-18
1.92497e+09 0.0321096 0.0560853 5.34194e-18
1.95653e+09 0.0319271 0.0565746 2.67097e-18
1.98809e+09 0.0317431 0.0570612 2.67097e-18
2.01964e+09 0.0315576 0.0575453 2.67097e-18
2.0512e+09 0.0313707 0.0580267 3.5613e-18
2.08276e+09 0.0311824 0.0585056 2.67097e-18
2.11432e+09 0.0309928 0.058982 4.45162e-18
2.14587e+09 0.0308019 0.0594558 2.67097e-18
2.17743e+09 0.0306096 0.0599271 1.78065e-18
2.20899e+09 0.0304161 0.0603959 2.67097e-18
2.24054e+09 0.0302213 0.0608623 3.5613e-18
2.2721e+09 0.0300253 0.0613262 1.78065e-18
2.30366e+09 0.0298281 0.0617876 2.67097e-18
2.33521e+09 0.0296297 0.0622466 2.67097e-18
2.36677e+09 0.0294302 0.0627032 8.90324e-19
2.39833e+09 0.0292296 0.0631574 3.5613e-18
2.42989e+09 0.0290278 0.0636092 2.67097e-18
2.46144e+09 0.028825 0.0640587 1.78065e-18
2.493e+09 0.0286211 0.0645058 1.78065e-18
2.52456e+09 0.0284162 0.0649506 4.45162e-18
2.55611e+09 0.0282103 0.0653931 1.78065e-18
2.58767e+09 0.0280034 0.0658333 2.67097e-18
2.61923e+09 0.0277956 0.0662712 2.67097e-18
2.65078e+09 0.0275867 0.0667069 3.5613e-18
2.68234e+09 0.027377 0.0671403 0
2.7139e+09 0.0271663 0.0675714 0
2.74545e+09 0.0269548 0.0680004 3.5613e-18
2.77701e+09 0.0267423 0.0684271 1.78065e-18
2.80857e+09 0.026529 0.0688517 5.34194e-18
2.84013e+09 0.0263149 0.0692741 1.78065e-18
2.87168e+09 0.0261 0.0696943 1.78065e-18
2.90324e+09 0.0258842 0.0701123 1.78065e-18
2.9348e+09 0.0256677 0.0705283 5.34194e-18
2.96635e+09 0.0254504 0.0709421 3.5613e-18
2.99791e+09 0.0252323 0.0713538 1.78065e-18
3.02947e+09 0.0250135 0.0717635 1.78065e-18
3.06102e+09 0.024794 0.072171 0
3.09258e+09 0.0245738 0.0725766 1.78065e-18
3.12414e+09 0.0243529 0.07298 1.78065e-18
3.1557e+09 0.0241313 0.0733814 0
3.18725e+09 0.023909 0.0737808 0
3.21881e+09 0.0236861 0.0741782 1.78065e-18
3.25037e+09 0.0234625 0.0745737 1.78065e-18
3.28192e+09 0.0232384 0.0749671 3.5613e-18
3.31348e+09 0.0230136 0.0753585 3.5613e-18
3.34504e+09 0.0227882 0.0757481 3.5613e-18
3.37659e+09 0.0225623 0.0761356 1.78065e-18
3.40815e+09 0.0223357 0.0765213 1.78065e-18
3.43971e+09 0.0221086 0.076905 1.78065e-18
3.47126e+09 0.021881 0.0772868 1.78065e-18
3.50282e+09 0.0216528 0.0776667 1.78065e-18
3.53438e+09 0.0214241 0.0780448 0
3.56594e+09 0.0211949 0.078421 1.78065e-18
3.59749e+09 0.0209652 0.0787953 -1.78065e-18
3.62905e+09 0.020735 0.0791678 0
3.66061e+09 0.0205043 0.0795384 0
3.69216e+09 0.0202732 0.0799072 -1.78065e-18
3.72372e+09 0.0200415 0.0802743 0
3.75528e+09 0.0198095 0.0806395 0
3.78683e+09 0.019577 0.0810029 1.78065e-18
3.81839e+09 0.0193441 0.0813646 -3.5613e-18
3.84995e+09 0.0191107 0.0817245 -5.34194e-18
3.88151e+09 0.018877 0.0820826 -7.12259e-18
3.91306e+09 0.0186428 0.082439 0
3.94462e+09 0.0184082 0.0827937 -3.5613e-18
3.97618e+09 0.0181733 0.0831466 -3.5613e-18
4.00773e+09 0.017938 0.0834979 0
4.03929e+09 0.0177023 0.0838474 -3.5613e-18
4.07085e+09 0.0174663 0.0841953 -3.5613e-18
4.1024e+09 0.0172299 0.0845414 0
4.13396e+09 0.0169932 0.0848859 0
4.16552e+09 0.0167562 0.0852288 0
4.19707e+09 0.0165188 0.08557 0
4.22863e+09 0.0162811 0.0859095 3.5613e-18
4.26019e+09 0.0160431 0.0862474 3.5613e-18
4.29175e+09 0.0158048 0.0865837 0
4.3233e+09 0.0155662 0.0869184 3.5613e-18
4.35486e+09 0.0153273 0.0872515 3.5613e-18
4.38642e+09 0.0150882 0.087583 -3.5613e-18
4.41797e+09 0.0148487 0.0879129 0
4.44953e+09 0.014609 0.0882412 -3.5613e-18
4.48109e+09 0.0143691 0.088568 3.5613e-18
4.51264e+09 0.0141289 0.0888932 0
4.5442e+09 0.0138884 0.0892169 3.5613e-18
4.57576e+09 0.0136477 0.089539 3.5613e-18
4.60731e+09 0.0134068 0.0898597 0
4.63887e+09 0.0131656 0.0901787 7.12259e-18
4.67043e+09 0.0129243 0.0904963 3.5613e-18
4.70199e+09 0.0126827 0.0908124 3.5613e-18
4.73354e+09 0.0124409 0.091127 3.5613e-18
4.7651e+09 0.0121989 0.0914401 3.5613e-18
4.79666e+09 0.0119567 0.0917517 3.5613e-18
4.82821e+09 0.0117143 0.0920618 3.5613e-18
4.85977e+09 0.0114717 0.0923705 3.5613e-18
4.89133e+09 0.0112289 0.0926778 3.5613e-18
4.92288e+09 0.010986 0.0929836 3.5613e-18
4.95444e+09 0.0107429 0.0932879 3.5613e-18
4.986e+09 0.0104996 0.0935908 3.5613e-18
5.01756e+09 0.0102562 0.0938923 3.5613e-18
5.04911e+09 0.0100126 0.0941924 0
5.08067e+09 0.00976891 0.0944911 0
5.11223e+09 0.00952504 0.0947884 0
5.14378e+09 0.00928102 0.0950843 0
5.17534e+09 0.00903687 0.0953788 3.5613e-18
5.2069e+09 0.0087926 0.0956719 -7.12259e-18
5.23845e+09 0.00854819 0.0959637 -7.12259e-18
5.27001e+09 0.00830367 0.0962541 -3.5613e-18
5.30157e+09 0.00805902 0.0965432 -3.5613e-18
5.33312e+09 0.00781427 0.0968309 3.5613e-18
5.36468e+09 0.0075694 0.0971172 0
5.39624e+09 0.00732444 0.0974023 0
5.4278e+09 0.00707937 0.097686 0
5.45935e+09 0.00683421 0.0979684 3.5613e-18
5.49091e+09 0.00658895 0.0982495 -3.5613e-18
5.52247e+09 0.00634361 0.0985292 3.5613e-18
5.55402e+09 0.00609819 0.0988077 -3.5613e-18
5.58558e+09 0.00585268 0.0990849 0
5.61714e+09 0.0056071 0.0993608 0
5.64869e+09 0.00536145 0.0996354 -3.5613e-18
5.68025e+09 0.00511573 0.0999088 -7.12259e-18
5.71181e+09 0.00486994 0.100181 -7.12259e-18
5.74337e+09 0.0046241 0.100452 -3.5613e-18
5.77492e+09 0.00437819 0.100721 0
5.80648e+09 0.00413223 0.10099 0
5.83804e+09 0.00388622 0.101257 0
5.86959e+09 0.00364016 0.101522 0
5.90115e+09 0.00339406 0.101787 -3.5613e-18
5.93271e+09 0.00314792 0.10205 3.5613e-18
5.96426e+09 0.00290174 0.102313 0
5.99582e+09 0.00265553 0.102574 3.5613e-18
6.02738e+09 0.00240928 0.102833 1.06839e-17
6.05893e+09 0.00216301 0.103092 7.12259e-18
6.09049e+09 0.00191671 0.103349 7.12259e-18
6.12205e+09 0.00167039 0.103606 1.06839e-17
6.15361e+09 0.00142405 0.103861 7.12259e-18
6.18516e+09 0.0011777 0.104114 7.12259e-18
6.21672e+09 0.000931329 0.104367 3.5613e-18
6.24828e+09 0.00068495 0.104619 0
6.27983e+09 0.000438563 0.104869 3.5613e-18
6.31139e+09 0.000192172 0.105118 3.5613e-18
6.34295e+09 -5.42217e-05 0.105366 3.5613e-18
6.3745e+09 -0.000300615 0.105613 3.5613e-18
6.40606e+09 -0.000547004 0.105859 3.5613e-18
6.43762e+09 -0.000793388 0.106103 0
6.46918e+09 -0.00103976 0.106347 3.5613e-18
6.50073e+09 -0.00128613 0.106589 0
6.53229e+09 -0.00153248 0.106831 0
6.56385e+09 -0.00177881 0.107071 3.5613e-18
6.5954e+09 -0.00202513 0.10731 3.5613e-18
6.62696e+09 -0.00227143 0.107548 0
6.65852e+09 -0.0025177 0.107785 7.12259e-18
6.69007e+09 -0.00276395 0.10802 0
6.72163e+09 -0.00301017 0.108255 0
6.75319e+09 -0.00325635 0.108489 1.42452e-17
6.78474e+09 -0.00350251 0.108721 7.12259e-18
6.8163e+09 -0.00374863 0.108952 7.12259e-18
6.84786e+09 -0.00399472 0.109183 7.12259e-18
6.87942e+09 -0.00424077 0.109412 1.42452e-17
6.91097e+09 -0.00448677 0.10964 7.12259e-18
6.94253e+09 -0.00473274 0.109868 0
6.97409e+09 -0.00497865 0.110094 7.12259e-18
7.00564e+09 -0.00522452 0.110319 0
7.0372e+09 -0.00547035 0.110543 0
7.06876e+09 -0.00571612 0.110766 0
7.10031e+09 -0.00596183 0.110988 0
7.13187e+09 -0.0062075 0.111209 0
7.16343e+09 -0.0064531 0.111429 0
7.19499e+09 -0.00669865 0.111648 0
7.22654e+09 -0.00694413 0.111866 0
7.2581e+09 -0.00718956 0.112083 0
7.28966e+09 -0.00743491 0.112299 0
7.32121e+09 -0.00768021 0.112514 0
7.35277e+09 -0.00792543 0.112728 0
7.38433e+09 -0.00817059 0.112941 -7.12259e-18
7.41588e+09 -0.00841567 0.113152 0
7.44744e+09 -0.00866068 0.113363 0
7.479e+09 -0.00890562 0.113573 -7.12259e-18
7.51055e+09 -0.00915047 0.113782 0
7.54211e+09 -0.00939526 0.113991 -1.42452e-17
7.57367e+09 -0.00963996 0.114198 -7.12259e-18
7.60523e+09 -0.00988458 0.114404 -7.12259e-18
7.63678e+09 -0.0101291 0.114609 -7.12259e-18
7.66834e+09 -0.0103736 0.114813 -7.12259e-18
7.6999e+09 -0.0106179 0.115016 -7.12259e-18
7.73145e+09 -0.0108622 0.115219 0
7.76301e+09 -0.0111064 0.11542 0
7.79457e+09 -0.0113505 0.11562 0
7.82612e+09 -0.0115945 0.11582 0
7.85768e+09 -0.0118384 0.116019 -7.12259e-18
7.88924e+09 -0.0120823 0.116216 0
7.92079e+09 -0.012326 0.116413 -7.12259e-18
7.95235e+09 -0.0125696 0.116609 0
7.98391e+09 -0.0128131 0.116804 0
8.01547e+09 -0.0130566 0.116997 0
8.04702e+09 -0.0132999 0.117191 -7.12259e-18
8.07858e+09 -0.0135431 0.117383 0
8.11014e+09 -0.0137862 0.117574 0
8.14169e+09 -0.0140292 0.117764 0
8.17325e+09 -0.0142722 0.117954 0
8.20481e+09 -0.014515 0.118142 0
8.23636e+09 -0.0147576 0.11833 0
8.26792e+09 -0.0150002 0.118517 0
8.29948e+09 -0.0152427 0.118703 0
8.33104e+09 -0.0154851 0.118888 -7.12259e-18
8.36259e+09 -0.0157273 0.119072 -7.12259e-18
8.39415e+09 -0.0159694 0.119255 -7.12259e-18
8.42571e+09 -0.0162114 0.119437 -7.12259e-18
8.45726e+09 -0.0164533 0.119619 -7.12259e-18
8.48882e+09 -0.0166951 0.1198 0
8.52038e+09 -0.0169368 0.11998 0
8.55193e+09 -0.0171783 0.120158 0
8.58349e+09 -0.0174197 0.120337 -7.12259e-18
8.61505e+09 -0.017661 0.120514 0
8.6466e+09 -0.0179022 0.12069 0
8.67816e+09 -0.0181432 0.120866 0
8.70972e+09 -0.0183841 0.121041 0
8.74128e+09 -0.0186249 0.121214 7.12259e-18
8.77283e+09 -0.0188656 0.121388 0
8.80439e+09 -0.0191061 0.12156 0
8.83595e+09 -0.0193465 0.121731 -7.12259e-18
8.8675e+09 -0.0195868 0.121902 0
8.89906e+09 -0.0198269 0.122072 -7.12259e-18
8.93062e+09 -0.0200669 0.12224 -7.12259e-18
8.96217e+09 -0.0203068 0.122409 -7.12259e-18
8.99373e+09 -0.0205465 0.122576 -1.42452e-17
9.02529e+09 -0.0207861 0.122742 0
9.05685e+09 -0.0210256 0.122908 -7.12259e-18
9.0884e+09 -0.0212649 0.123073 -7.12259e-18
9.11996e+09 -0.0215041 0.123237 0
9.15152e+09 -0.0217431 0.1234 -7.12259e-18
9.18307e+09 -0.021982 0.123563 0
9.21463e+09 -0.0222208 0.123725 -7.12259e-18
9.24619e+09 -0.0224594 0.123886 -7.12259e-18
9.27774e+09 -0.0226979 0.124046 -7.12259e-18
9.3093e+09 -0.0229362 0.124205 0
9.34086e+09 -0.0231744 0.124364 0
9.37241e+09 -0.0234125 0.124521 -1.42452e-17
9.40397e+09 -0.0236504 0.124678 -1.42452e-17
9.43553e+09 -0.0238882 0.124835 -7.12259e-18
9.46709e+09 -0.0241258 0.12499 -7.12259e-18
9.49864e+09 -0.0243632 0.125145 -2.13678e-17
9.5302e+09 -0.0246005 0.125299 -1.42452e-17
9.56176e+09 -0.0248377 0.125452 -1.42452e-17
9.59331e+09 -0.0250747 0.125604 -2.13678e-17
9.62487e+09 -0.0253116 0.125756 -7.12259e-18
9.65643e+09 -0.0255483 0.125907 -2.13678e-17
9.68798e+09 -0.0257848 0.126057 -1.42452e-17
9.71954e+09 -0.0260212 0.126206 -2.13678e-17
9.7511e+09 -0.0262575 0.126355 -1.42452e-17
9.78266e+09 -0.0264936 0.126503 -2.13678e-17
9.81421e+09 -0.0267295 0.12665 -2.13678e-17
9.84577e+09 -0.0269653 0.126796 -2.13678e-17
9.87733e+09 -0.0272009 0.126942 -2.13678e-17
9.90888e+09 -0.0274364 0.127087 -2.13678e-17
9.94044e+09 -0.0276717 0.127231 -2.84904e-17
9.972e+09 -0.0279068 0.127375 -2.13678e-17
1.00036e+10 -0.0281418 0.127517 -1.42452e-17
1.00351e+10 -0.0283766 0.127659 -1.42452e-17
1.00667e+10 -0.0286113 0.127801 -2.84904e-17
1.00982e+10 -0.0288458 0.127941 -1.42452e-17
1.01298e+10 -0.0290801 0.128081 -2.13678e-17
1.01613e+10 -0.0293143 0.12822 -2.13678e-17
1.01929e+10 -0.0295483 0.128359 -2.84904e-17
1.02245e+10 -0.0297822 0.128496 -1.42452e-17
1.0256e+10 -0.0300159 0.128633 -2.84904e-17
1.02876e+10 -0.0302494 0.12877 -1.42452e-17
1.03191e+10 -0.0304828 0.128905 -2.13678e-17
1.03507e+10 -0.030716 0.12904 -2.84904e-17
1.03822e+10 -0.030949 0.129174 -7.12259e-18
1.04138e+10 -0.0311818 0.129308 -1.42452e-17
1.04454e+10 -0.0314145 0.129441 -7.12259e-18
1.04769e+10 -0.031647 0.129573 -7.12259e-18
1.05085e+10 -0.0318794 0.129704 -2.13678e-17
1.054e+10 -0.0321116 0.129835 -7.12259e-18
1.05716e+10 -0.0323436 0.129965 -7.12259e-18
1.06031e+10 -0.0325754 0.130094 -2.13678e-17
1.06347e+10 -0.0328071 0.130223 -2.84904e-17
1.06662e+10 -0.0330386 0.130351 -2.13678e-17
1.06978e+10 -0.0332699 0.130478 -2.84904e-17
1.07294e+10 -0.0335011 0.130605 -2.84904e-17
1.07609e+10 -0.033732 0.130731 -2.13678e-17
1.07925e+10 -0.0339629 0.130856 -2.13678e-17
1.0824e+10 -0.0341935 0.13098 -2.13678e-17
1.08556e+10 -0.0344239 0.131104 -7.12259e-18
1.08871e+10 -0.0346542 0.131228 -1.42452e-17
1.09187e+10 -0.0348843 0.13135 -1.42452e-17
1.09503e+10 -0.0351143 0.131472 -1.42452e-17
1.09818e+10 -0.035344 0.131593 -7.12259e-18
1.10134e+10 -0.0355736 0.131714 -1.42452e-17
1.10449e+10 -0.035803 0.131834 -1.42452e-17
1.10765e+10 -0.0360322 0.131953 -2.13678e-17
1.1108e+10 -0.0362612 0.132072 -1.42452e-17
1.11396e+10 -0.0364901 0.13219 -2.13678e-17
1.11712e+10 -0.0367188 0.132307 -2.13678e-17
1.12027e+10 -0.0369473 0.132424 -2.13678e-17
1.12343e+10 -0.0371756 0.13254 -2.84904e-17
1.12658e+10 -0.0374037 0.132655 -2.84904e-17
1.12974e+10 -0.0376317 0.13277 -2.13678e-17
1.13289e+10 -0.0378595 0.132884 -2.13678e-17
1.13605e+10 -0.0380871 0.132997 -1.42452e-17
1.13921e+10 -0.0383145 0.13311 -7.12259e-18
1.14236e+10 -0.0385417 0.133222 0
1.14552e+10 -0.0387688 0.133334 7.12259e-18
1.14867e+10 -0.0389956 0.133445 -7.12259e-18
1.15183e+10 -0.0392223 0.133555 -1.42452e-17
1.15498e+10 -0.0394488 0.133665 -1.42452e-17
1.15814e+10 -0.0396751 0.133774 -1.42452e-17
1.1613e+10 -0.0399012 0.133882 -7.12259e-18
1.16445e+10 -0.0401272 0.13399 -1.42452e-17
1.16761e+10 -0.0403529 0.134097 -7.12259e-18
1.17076e+10 -0.0405785 0.134204 -7.12259e-18
1.17392e+10 -0.0408039 0.13431 0
1.17707e+10 -0.0410291 0.134415 0
1.18023e+10 -0.0412541 0.13452 0
1.18339e+10 -0.0414789 0.134624 0
1.18654e+10 -0.0417035 0.134727 0
1.1897e+10 -0.0419279 0.13483 0
1.19285e+10 -0.0421522 0.134933 0
1.19601e+10 -0.0423763 0.135034 -7.12259e-18
1.19916e+10 -0.0426001 0.135135 -1.42452e-17
1.20232e+10 -0.0428238 0.135236 -1.42452e-17
1.20548e+10 -0.0430473 0.135336 -7.12259e-18
1.20863e+10 -0.0432706 0.135435 -7.12259e-18
1.21179e+10 -0.0434937 0.135533 -1.42452e-17
1.21494e+10 -0.0437166 0.135632 -2.84904e-17
1.2181e+10 -0.0439394 0.135729 -2.84904e-17
1.22125e+10 -0.0441619 0.135826 -1.42452e-17
1.22441e+10 -0.0443842 0.135922 -2.13678e-17
1.22757e+10 -0.0446064 0.136018 -2.13678e-17
1.23072e+10 -0.0448284 0.136113 -1.42452e-17
1.23388e+10 -0.0450501 0.136207 -7.12259e-18
1.23703e+10 -0.0452717 0.136301 -2.13678e-17
1.24019e+10 -0.0454931 0.136395 -1.42452e-17
1.24334e+10 -0.0457143 0.136488 -1.42452e-17
1.2465e+10 -0.0459352 0.13658 0
1.24966e+10 -0.046156 0.136671 -7.12259e-18
1.25281e+10 -0.0463766 0.136762 -1.42452e-17
1.25597e+10 -0.046597 0.136853 -1.42452e-17
1.25912e+10 -0.0468173 0.136943 -2.13678e-17
1.26228e+10 -0.0470373 0.137032 -2.13678e-17
1.26543e+10 -0.0472571 0.137121 -7.12259e-18
1.26859e+10 -0.0474767 0.137209 -2.13678e-17
1.27175e+10 -0.0476961 0.137296 -2.84904e-17
1.2749e+10 -0.0479154 0.137384 -1.42452e-17
1.27806e+10 -0.0481344 0.13747 -2.84904e-17
1.28121e+10 -0.0483532 0.137556 -2.13678e-17
1.28437e+10 -0.0485718 0.137641 -2.84904e-17
1.28752e+10 -0.0487903 0.137726 -2.84904e-17
1.29068e+10 -0.0490085 0.13781 -3.5613e-17
1.29384e+10 -0.0492266 0.137894 -2.84904e-17
1.29699e+10 -0.0494444 0.137977 -2.84904e-17
1.30015e+10 -0.049662 0.138059 -3.5613e-17
1.3033e+10 -0.0498795 0.138141 -2.13678e-17
1.30646e+10 -0.0500967 0.138223 -3.5613e-17
1.30961e+10 -0.0503138 0.138304 -2.84904e-17
1.31277e+10 -0.0505306 0.138384 -3.5613e-17
1.31592e+10 -0.0507472 0.138464 -3.5613e-17
1.31908e+10 -0.0509637 0.138543 -4.27356e-17
1.32224e+10 -0.0511799 0.138622 -3.5613e-17
1.32539e+10 -0.051396 0.1387 -3.5613e-17
1.32855e+10 -0.0516118 0.138778 -2.84904e-17
1.3317e+10 -0.0518274 0.138855 -4.27356e-17
1.33486e+10 -0.0520429 0.138931 -3.5613e-17
1.33801e+10 -0.0522581 0.139007 -4.27356e-17
1.34117e+10 -0.0524731 0.139083 -4.98581e-17
1.34433e+10 -0.0526879 0.139157 -2.84904e-17
1.34748e+10 -0.0529026 0.139232 -5.69807e-17
1.35064e+10 -0.053117 0.139306 -4.27356e-17
1.35379e+10 -0.0533312 0.139379 -4.98581e-17
1.35695e+10 -0.0535452 0.139452 -4.27356e-17
1.3601e+10 -0.053759 0.139524 -3.5613e-17
1.36326e+10 -0.0539726 0.139596 -4.27356e-17
1.36642e+10 -0.054186 0.139667 -4.98581e-17
1.36957e+10 -0.0543992 0.139738 -4.98581e-17
1.37273e+10 -0.0546122 0.139808 -4.98581e-17
1.37588e+10 -0.054825 0.139877 -4.27356e-17
1.37904e+10 -0.0550376 0.139946 -4.27356e-17
1.38219e+10 -0.05525 0.140015 -3.5613e-17
1.38535e+10 -0.0554621 0.140083 -2.84904e-17
1.38851e+10 -0.0556741 0.14015 -3.5613e-17
1.39166e+10 -0.0558859 0.140217 -4.27356e-17
1.39482e+10 -0.0560974 0.140284 -4.27356e-17
1.39797e+10 -0.0563088 0.14035 -5.69807e-17
1.40113e+10 -0.0565199 0.140415 -4.27356e-17
1.40428e+10 -0.0567308 0.14048 -6.41033e-17
1.40744e+10 -0.0569416 0.140545 -4.98581e-17
1.4106e+10 -0.0571521 0.140609 -5.69807e-17
1.41375e+10 -0.0573624 0.140672 -5.69807e-17
1.41691e+10 -0.0575725 0.140735 -4.27356e-17
1.42006e+10 -0.0577824 0.140797 -5.69807e-17
1.42322e+10 -0.0579921 0.140859 -5.69807e-17
1.42637e+10 -0.0582016 0.140921 -5.69807e-17
1.42953e+10 -0.0584108 0.140981 -5.69807e-17
1.43269e+10 -0.0586199 0.141042 -7.12259e-17
1.43584e+10 -0.0588288 0.141102 -5.69807e-17
1.439e+10 -0.0590374 0.141161 -7.12259e-17
1.44215e+10 -0.0592458 0.14122 -5.69807e-17
1.44531e+10 -0.0594541 0.141278 -7.12259e-17
1.44846e+10 -0.0596621 0.141336 -5.69807e-17
1.45162e+10 -0.0598699 0.141394 -7.12259e-17
1.45478e+10 -0.0600775 0.14145 -7.12259e-17
1.45793e+10 -0.0602849 0.141507 -7.12259e-17
1.46109e+10 -0.0604921 0.141563 -8.54711e-17
1.46424e+10 -0.060699 0.141618 -8.54711e-17
1.4674e+10 -0.0609058 0.141673 -7.12259e-17
1.47055e+10 -0.0611124 0.141727 -8.54711e-17
1.47371e+10 -0.0613187 0.141781 -9.97163e-17
1.47687e+10 -0.0615248 0.141835 -8.54711e-17
1.48002e+10 -0.0617307 0.141888 -8.54711e-17
1.48318e+10 -0.0619364 0.14194 -8.54711e-17
1.48633e+10 -0.0621419 0.141992 -8.54711e-17
1.48949e+10 -0.0623472 0.142044 -8.54711e-17
1.49264e+10 -0.0625523 0.142095 -9.97163e-17
1.4958e+10 -0.0627571 0.142145 -8.54711e-17
1.49896e+10 -0.0629618 0.142195 -9.97163e-17
1.50211e+10 -0.0631662 0.142245 -9.97163e-17
1.50527e+10 -0.0633704 0.142294 -9.97163e-17
1.50842e+10 -0.0635744 0.142343 -9.97163e-17
1.51158e+10 -0.0637782 0.142391 -1.13961e-16
1.51473e+10 -0.0639818 0.142438 -1.13961e-16
1.51789e+10 -0.0641852 0.142486 -9.97163e-17
1.52105e+10 -0.0643883 0.142532 -9.97163e-17
1.5242e+10 -0.0645913 0.142579 -9.97163e-17
1.52736e+10 -0.064794 0.142624 -9.97163e-17
1.53051e+10 -0.0649965 0.14267 -9.97163e-17
1.53367e+10 -0.0651988 0.142714 -9.97163e-17
1.53682e+10 -0.0654009 0.142759 -1.13961e-16
1.53998e+10 -0.0656028 0.142803 -1.28207e-16
1.54313e+10 -0.0658044 0.142846 -1.28207e-16
1.54629e+10 -0.0660059 0.142889 -1.13961e-16
1.54945e+10 -0.0662071 0.142932 -1.28207e-16
1.5526e+10 -0.0664081 0.142974 -1.13961e-16
1.55576e+10 -0.0666089 0.143015 -1.13961e-16
1.55891e+10 -0.0668095 0.143056 -1.28207e-16
1.56207e+10 -0.0670099 0.143097 -1.42452e-16
1.56522e+10 -0.06721 0.143137 -1.28207e-16
1.56838e+10 -0.06741 0.143177 -1.28207e-16
1.57154e+10 -0.0676097 0.143216 -1.28207e-16
1.57469e+10 -0.0678092 0.143255 -1.13961e-16
1.57785e+10 -0.0680085 0.143293 -1.28207e-16
1.581e+10 -0.0682076 0.143331 -1.28207e-16
1.58416e+10 -0.0684064 0.143369 -1.28207e-16
1.58731e+10 -0.0686051 0.143406 -1.28207e-16
1.59047e+10 -0.0688035 0.143442 -1.28207e-16
1.59363e+10 -0.0690017 0.143478 -1.28207e-16
1.59678e+10 -0.0691997 0.143514 -1.28207e-16
1.59994e+10 -0.0693975 0.143549 -1.42452e-16
1.60309e+10 -0.069595 0.143584 -1.28207e-16
1.60625e+10 -0.0697924 0.143618 -1.42452e-16
1.6094e+10 -0.0699895 0.143652 -1.28207e-16
1.61256e+10 -0.0701864 0.143685 -1.28207e-16
1.61572e+10 -0.0703831 0.143718 -1.28207e-16
1.61887e+10 -0.0705795 0.143751 -1.28207e-16
1.62203e+10 -0.0707758 0.143783 -1.28207e-16
1.62518e+10 -0.0709718 0.143815 -1.28207e-16
1.62834e+10 -0.0711676 0.143846 -1.28207e-16
1.63149e+10 -0.0713632 0.143877 -1.28207e-16
1.63465e+10 -0.0715586 0.143907 -1.28207e-16
1.63781e+10 -0.0717538 0.143937 -1.28207e-16
1.64096e+10 -0.0719487 0.143966 -1.28207e-16
1.64412e+10 -0.0721434 0.143995 -1.56697e-16
1.64727e+10 -0.0723379 0.144024 -1.56697e-16
1.65043e+10 -0.0725322 0.144052 -1.42452e-16
1.65358e+10 -0.0727263 0.144079 -1.42452e-16
1.65674e+10 -0.0729201 0.144107 -1.42452e-16
1.6599e+10 -0.0731137 0.144133 -1.56697e-16
1.66305e+10 -0.0733071 0.14416 -1.42452e-16
1.66621e+10 -0.0735003 0.144186 -1.42452e-16
1.66936e+10 -0.0736933 0.144211 -1.56697e-16
1.67252e+10 -0.073886 0.144236 -1.56697e-16
1.67567e+10 -0.0740786 0.144261 -1.28207e-16
1.67883e+10 -0.0742709 0.144285 -1.42452e-16
1.68199e+10 -0.074463 0.144309 -1.42452e-16
1.68514e+10 -0.0746548 0.144332 -1.42452e-16
1.6883e+10 -0.0748465 0.144355 -1.42452e-16
1.69145e+10 -0.0750379 0.144378 -1.56697e-16
1.69461e+10 -0.0752291 0.1444 -1.42452e-16
1.69776e+10 -0.0754201 0.144422 -1.56697e-16
1.70092e+10 -0.0756108 0.144443 -1.56697e-16
1.70408e+10 -0.0758014 0.144464 -1.42452e-16
1.70723e+10 -0.0759917 0.144484 -1.42452e-16
1.71039e+10 -0.0761818 0.144504 -1.28207e-16
1.71354e+10 -0.0763716 0.144523 -1.42452e-16
1.7167e+10 -0.0765613 0.144543 -1.28207e-16
1.71985e+10 -0.0767507 0.144561 -1.28207e-16
1.72301e+10 -0.0769399 0.14458 -1.28207e-16
1.72617e+10 -0.0771289 0.144597 -1.28207e-16
1.72932e+10 -0.0773177 0.144615 -1.42452e-16
1.73248e+10 -0.0775062 0.144632 -1.42452e-16
1.73563e+10 -0.0776945 0.144649 -1.28207e-16
1.73879e+10 -0.0778826 0.144665 -1.28207e-16
1.74194e+10 -0.0780705 0.144681 -1.28207e-16
1.7451e+10 -0.0782582 0.144696 -1.28207e-16
1.74826e+10 -0.0784456 0.144711 -1.42452e-16
1.75141e+10 -0.0786328 0.144726 -1.28207e-16
1.75457e+10 -0.0788198 0.14474 -1.28207e-16
1.75772e+10 -0.0790065 0.144753 -1.28207e-16
1.76088e+10 -0.0791931 0.144767 -1.13961e-16
1.76403e+10 -0.0793794 0.14478 -1.42452e-16
1.76719e+10 -0.0795655 0.144792 -1.42452e-16
1.77035e+10 -0.0797513 0.144804 -1.42452e-16
1.7735e+10 -0.079937 0.144816 -1.28207e-16
1.77666e+10 -0.0801224 0.144827 -1.28207e-16
1.77981e+10 -0.0803076 0.144838 -1.28207e-16
1.78297e+10 -0.0804925 0.144849 -1.28207e-16
1.78612e+10 -0.0806773 0.144859 -1.42452e-16
1.78928e+10 -0.0808618 0.144868 -1.42452e-16
1.79243e+10 -0.0810461 0.144878 -1.42452e-16
1.79559e+10 -0.0812301 0.144887 -1.42452e-16
1.79875e+10 -0.081414 0.144895 -1.42452e-16
1.8019e+10 -0.0815976 0.144903 -1.28207e-16
1.80506e+10 -0.081781 0.144911 -1.42452e-16
1.80821e+10 -0.0819642 0.144918 -1.42452e-16
1.81137e+10 -0.0821471 0.144925 -1.42452e-16
1.81452e+10 -0.0823298 0.144931 -1.13961e-16
1.81768e+10 -0.0825123 0.144938 -1.42452e-16
1.82084e+10 -0.0826946 0.144943 -1.28207e-16
1.82399e+10 -0.0828766 0.144949 -1.13961e-16
1.82715e+10 -0.0830584 0.144953 -1.13961e-16
1.8303e+10 -0.08324 0.144958 -1.28207e-16
1.83346e+10 -0.0834214 0.144962 -1.13961e-16
1.83661e+10 -0.0836025 0.144966 -9.97163e-17
1.83977e+10 -0.0837834 0.144969 -1.13961e-16
1.84293e+10 -0.0839641 0.144972 -9.97163e-17
1.84608e+10 -0.0841446 0.144975 -9.97163e-17
1.84924e+10 -0.0843248 0.144977 -9.97163e-17
1.85239e+10 -0.0845048 0.144978 -1.13961e-16
1.85555e+10 -0.0846846 0.14498 -9.97163e-17
1.8587e+10 -0.0848642 0.144981 -1.13961e-16
1.86186e+10 -0.0850435 0.144981 -1.13961e-16
1.86502e+10 -0.0852226 0.144982 -1.13961e-16
1.86817e+10 -0.0854014 0.144981 -1.13961e-16
1.87133e+10 -0.0855801 0.144981 -1.13961e-16
1.87448e+10 -0.0857585 0.14498 -1.28207e-16
1.87764e+10 -0.0859367 0.144979 -1.13961e-16
1.88079e+10 -0.0861146 0.144977 -1.28207e-16
1.88395e+10 -0.0862924 0.144975 -1.28207e-16
1.88711e+10 -0.0864699 0.144972 -1.28207e-16
1.89026e+10 -0.0866472 0.144969 -1.13961e-16
1.89342e+10 -0.0868242 0.144966 -1.13961e-16
1.89657e+10 -0.087001 0.144963 -1.13961e-16
1.89973e+10 -0.0871776 0.144959 -1.13961e-16
1.90288e+10 -0.087354 0.144954 -1.13961e-16
1.90604e+10 -0.0875301 0.144949 -1.28207e-16
1.9092e+10 -0.087706 0.144944 -1.28207e-16
1.91235e+10 -0.0878817 0.144939 -1.13961e-16
1.91551e+10 -0.0880571 0.144933 -1.28207e-16
1.91866e+10 -0.0882324 0.144926 -1.28207e-16
1.92182e+10 -0.0884073 0.14492 -1.13961e-16
1.92497e+10 -0.0885821 0.144913 -9.97163e-17
1.92813e+10 -0.0887566 0.144905 -1.13961e-16
1.93129e+10 -0.0889309 0.144898 -1.13961e-16
1.93444e+10 -0.089105 0.144889 -1.28207e-16
1.9376e+10 -0.0892789 0.144881 -1.13961e-16
1.94075e+10 -0.0894525 0.144872 -1.13961e-16
1.94391e+10 -0.0896259 0.144863 -1.28207e-16
1.94706e+10 -0.089799 0.144853 -1.28207e-16
1.95022e+10 -0.0899719 0.144843 -1.28207e-16
1.95338e+10 -0.0901446 0.144833 -1.28207e-16
1.95653e+10 -0.0903171 0.144822 -1.28207e-16
1.95969e+10 -0.0904893 0.144811 -1.28207e-16
1.96284e+10 -0.0906613 0.144799 -1.42452e-16
1.966e+10 -0.0908331 0.144787 -1.42452e-16
1.96915e+10 -0.0910046 0.144775 -1.56697e-16
1.97231e+10 -0.0911759 0.144763 -1.42452e-16
1.97547e+10 -0.091347 0.14475 -1.56697e-16
1.97862e+10 -0.0915179 0.144736 -1.56697e-16
1.98178e+10 -0.0916885 0.144723 -1.56697e-16
1.98493e+10 -0.0918589 0.144709 -1.56697e-16
1.98809e+10 -0.092029 0.144694 -1.56697e-16
1.99124e+10 -0.0921989 0.144679 -1.42452e-16
1.9944e+10 -0.0923686 0.144664 -1.70942e-16
1.99756e+10 -0.0925381 0.144649 -1.70942e-16
2.00071e+10 -0.0927073 0.144633 -1.56697e-16
2.00387e+10 -0.0928763 0.144617 -1.70942e-16
2.00702e+10 -0.0930451 0.1446 -1.70942e-16
2.01018e+10 -0.0932136 0.144583 -1.56697e-16
2.01333e+10 -0.0933819 0.144566 -1.56697e-16
2.01649e+10 -0.09355 0.144548 -1.56697e-16
2.01964e+10 -0.0937178 0.14453 -1.56697e-16
2.0228e+10 -0.0938854 0.144511 -1.70942e-16
2.02596e+10 -0.0940528 0.144493 -1.56697e-16
2.02911e+10 -0.0942199 0.144474 -1.56697e-16
2.03227e+10 -0.0943868 0.144454 -1.42452e-16
2.03542e+10 -0.0945535 0.144434 -1.56697e-16
2.03858e+10 -0.0947199 0.144414 -1.42452e-16
2.04173e+10 -0.0948861 0.144394 -1.42452e-16
2.04489e+10 -0.0950521 0.144373 -1.42452e-16
2.04805e+10 -0.0952178 0.144351 -1.42452e-16
2.0512e+10 -0.0953833 0.14433 -1.42452e-16
2.05436e+10 -0.0955486 0.144308 -1.42452e-16
2.05751e+10 -0.0957136 0.144286 -1.28207e-16
2.06067e+10 -0.0958784 0.144263 -1.28207e-16
2.06382e+10 -0.096043 0.14424 -1.28207e-16
2.06698e+10 -0.0962073 0.144216 -1.28207e-16
2.07014e+10 -0.0963714 0.144193 -1.28207e-16
2.07329e+10 -0.0965353 0.144169 -1.28207e-16
2.07645e+10 -0.0966989 0.144144 -1.28207e-16
2.0796e+10 -0.0968623 0.144119 -1.28207e-16
2.08276e+10 -0.0970255 0.144094 -1.28207e-16
2.08591e+10 -0.0971884 0.144069 -1.28207e-16
2.08907e+10 -0.0973511 0.144043 -1.42452e-16
2.09223e+10 -0.0975136 0.144017 -1.42452e-16
2.09538e+10 -0.0976758 0.14399 -1.42452e-16
2.09854e+10 -0.0978378 0.143964 -1.28207e-16
2.10169e+10 -0.0979995 0.143936 -1.28207e-16
2.10485e+10 -0.098161 0.143909 -1.42452e-16
2.108e+10 -0.0983223 0.143881 -1.28207e-16
2.11116e+10 -0.0984834 0.143853 -1.28207e-16
2.11432e+10 -0.0986442 0.143824 -1.28207e-16
2.11747e+10 -0.0988047 0.143795 -1.28207e-16
2.12063e+10 -0.0989651 0.143766 -1.13961e-16
2.12378e+10 -0.0991252 0.143736 -1.13961e-16
2.12694e+10 -0.099285 0.143706 -1.13961e-16
2.13009e+10 -0.0994447 0.143676 -1.13961e-16
2.13325e+10 -0.0996041 0.143645 -1.13961e-16
2.13641e+10 -0.0997632 0.143614 -1.13961e-16
2.13956e+10 -0.0999221 0.143583 -1.13961e-16
2.14272e+10 -0.100081 0.143551 -1.13961e-16
2.14587e+10 -0.100239 0.143519 -1.13961e-16
2.14903e+10 -0.100397 0.143487 -1.13961e-16
2.15218e+10 -0.100555 0.143454 -9.97163e-17
2.15534e+10 -0.100713 0.143421 -1.13961e-16
2.1585e+10 -0.100871 0.143388 -9.97163e-17
2.16165e+10 -0.101028 0.143354 -9.97163e-17
2.16481e+10 -0.101185 0.14332 -9.97163e-17
2.16796e+10 -0.101342 0.143286 -9.97163e-17
2.17112e+10 -0.101498 0.143251 -9.97163e-17
2.17427e+10 -0.101655 0.143216 -9.97163e-17
2.17743e+10 -0.101811 0.143181 -9.97163e-17
2.18059e+10 -0.101966 0.143145 -1.13961e-16
2.18374e+10 -0.102122 0.143109 -9.97163e-17
2.1869e+10 -0.102277 0.143073 -9.97163e-17
2.19005e+10 -0.102433 0.143036 -1.13961e-16
2.19321e+10 -0.102587 0.142999 -1.13961e-16
2.19636e+10 -0.102742 0.142961 -1.13961e-16
2.19952e+10 -0.102896 0.142924 -1.13961e-16
2.20268e+10 -0.103051 0.142886 -1.28207e-16
2.20583e+10 -0.103205 0.142847 -1.13961e-16
2.20899e+10 -0.103358 0.142809 -1.13961e-16
2.21214e+10 -0.103512 0.14277 -1.13961e-16
2.2153e+10 -0.103665 0.14273 -1.28207e-16
2.21845e+10 -0.103818 0.14269 -1.28207e-16
2.22161e+10 -0.103971 0.14265 -1.28207e-16
2.22477e+10 -0.104123 0.14261 -1.28207e-16
2.22792e+10 -0.104275 0.142569 -1.42452e-16
2.23108e+10 -0.104427 0.142528 -1.56697e-16
2.23423e+10 -0.104579 0.142487 -1.42452e-16
2.23739e+10 -0.104731 0.142445 -1.28207e-16
2.24054e+10 -0.104882 0.142403 -1.28207e-16
2.2437e+10 -0.105033 0.142361 -1.56697e-16
2.24685e+10 -0.105184 0.142318 -1.42452e-16
2.25001e+10 -0.105334 0.142275 -1.42452e-16
2.25317e+10 -0.105485 0.142232 -1.28207e-16
2.25632e+10 -0.105635 0.142189 -1.42452e-16
2.25948e+10 -0.105785 0.142145 -1.42452e-16
2.26263e+10 -0.105934 0.1421 -1.42452e-16
2.26579e+10 -0.106084 0.142056 -1.28207e-16
2.26894e+10 -0.106233 0.142011 -1.42452e-16
2.2721e+10 -0.106382 0.141966 -1.42452e-16
2.27526e+10 -0.10653 0.14192 -1.28207e-16
2.27841e+10 -0.106679 0.141874 -1.28207e-16
2.28157e+10 -0.106827 0.141828 -1.28207e-16
2.28472e+10 -0.106975 0.141781 -1.28207e-16
2.28788e+10 -0.107122 0.141734 -1.13961e-16
2.29103e+10 -0.10727 0.141687 -1.28207e-16
2.29419e+10 -0.107417 0.14164 -1.28207e-16
2.29735e+10 -0.107564 0.141592 -1.28207e-16
2.3005e+10 -0.10771 0.141544 -1.28207e-16
2.30366e+10 -0.107857 0.141495 -1.13961e-16
2.30681e+10 -0.108003 0.141447 -1.13961e-16
2.30997e+10 -0.108149 0.141398 -1.13961e-16
2.31312e+10 -0.108295 0.141348 -1.13961e-16
2.31628e+10 -0.10844 0.141298 -1.13961e-16
2.31944e+10 -0.108586 0.141248 -1.13961e-16
2.32259e+10 -0.108731 0.141198 -1.13961e-16
2.32575e+10 -0.108875 0.141147 -1.13961e-16
2.3289e+10 -0.10902 0.141096 -1.13961e-16
2.33206e+10 -0.109164 0.141045 -1.28207e-16
2.33521e+10 -0.109308 0.140993 -1.13961e-16
2.33837e+10 -0.109452 0.140942 -1.13961e-16
2.34153e+10 -0.109595 0.140889 -1.28207e-16
2.34468e+10 -0.109739 0.140837 -1.13961e-16
2.34784e+10 -0.109882 0.140784 -1.13961e-16
2.35099e+10 -0.110025 0.140731 -1.13961e-16
2.35415e+10 -0.110167 0.140677 -1.13961e-16
2.3573e+10 -0.110309 0.140623 -1.13961e-16
2.36046e+10 -0.110451 0.140569 -8.54711e-17
2.36362e+10 -0.110593 0.140515 -1.13961e-16
2.36677e+10 -0.110735 0.14046 -1.13961e-16
2.36993e+10 -0.110876 0.140405 -9.97163e-17
2.37308e+10 -0.111017 0.14035 -1.13961e-16
2.37624e+10 -0.111158 0.140294 -1.13961e-16
2.37939e+10 -0.111299 0.140238 -1.13961e-16
2.38255e+10 -0.111439 0.140182 -1.13961e-16
2.38571e+10 -0.111579 0.140125 -1.13961e-16
2.38886e+10 -0.111719 0.140068 -1.13961e-16
2.39202e+10 -0.111859 0.140011 -1.13961e-16
2.39517e+10 -0.111998 0.139953 -9.97163e-17
2.39833e+10 -0.112137 0.139895 -9.97163e-17
2.40148e+10 -0.112276 0.139837 -9.97163e-17
2.40464e+10 -0.112414 0.139779 -9.97163e-17
2.4078e+10 -0.112553 0.13972 -9.97163e-17
2.41095e+10 -0.112691 0.139661 -8.54711e-17
2.41411e+10 -0.112829 0.139602 -8.54711e-17
2.41726e+10 -0.112966 0.139542 -9.97163e-17
2.42042e+10 -0.113104 0.139482 -9.97163e-17
2.42357e+10 -0.113241 0.139422 -9.97163e-17
2.42673e+10 -0.113378 0.139361 -8.54711e-17
2.42989e+10 -0.113515 0.1393 -8.54711e-17
2.43304e+10 -0.113651 0.139239 -9.97163e-17
2.4362e+10 -0.113787 0.139177 -9.97163e-17
2.43935e+10 -0.113923 0.139115 -9.97163e-17
2.44251e+10 -0.114059 0.139053 -9.97163e-17
2.44566e+10 -0.114194 0.138991 -9.97163e-17
2.44882e+10 -0.114329 0.138928 -8.54711e-17
2.45198e+10 -0.114464 0.138865 -9.97163e-17
2.45513e+10 -0.114599 0.138802 -9.97163e-17
2.45829e+10 -0.114733 0.138738 -9.97163e-17
2.46144e+10 -0.114867 0.138674 -1.13961e-16
2.4646e+10 -0.115001 0.13861 -9.97163e-17
2.46775e+10 -0.115135 0.138545 -1.13961e-16
2.47091e+10 -0.115268 0.138481 -1.13961e-16
2.47407e+10 -0.115401 0.138415 -9.97163e-17
2.47722e+10 -0.115534 0.13835 -1.13961e-16
2.48038e+10 -0.115667 0.138284 -1.13961e-16
2.48353e+10 -0.115799 0.138218 -1.13961e-16
2.48669e+10 -0.115931 0.138152 -1.28207e-16
2.48984e+10 -0.116063 0.138085 -1.13961e-16
2.493e+10 -0.116195 0.138018 -1.13961e-16
2.49615e+10 -0.116326 0.137951 -1.28207e-16
2.49931e+10 -0.116457 0.137883 -1.28207e-16
2.50247e+10 -0.116588 0.137816 -1.28207e-16
2.50562e+10 -0.116719 0.137748 -1.28207e-16
2.50878e+10 -0.116849 0.137679 -1.28207e-16
2.51193e+10 -0.11698 0.13761 -1.28207e-16
2.51509e+10 -0.117109 0.137541 -1.28207e-16
2.51824e+10 -0.117239 0.137472 -1.28207e-16
2.5214e+10 -0.117368 0.137402 -1.28207e-16
2.52456e+10 -0.117498 0.137332 -1.13961e-16
2.52771e+10 -0.117626 0.137262 -1.28207e-16
2.53087e+10 -0.117755 0.137192 -1.13961e-16
2.53402e+10 -0.117883 0.137121 -1.13961e-16
2.53718e+10 -0.118012 0.13705 -1.28207e-16
2.54033e+10 -0.118139 0.136979 -1.42452e-16
2.54349e+10 -0.118267 0.136907 -1.28207e-16
2.54665e+10 -0.118394 0.136835 -1.28207e-16
2.5498e+10 -0.118522 0.136763 -1.13961e-16
2.55296e+10 -0.118648 0.13669 -1.28207e-16
2.55611e+10 -0.118775 0.136617 -1.28207e-16
2.55927e+10 -0.118901 0.136544 -1.13961e-16
2.56242e+10 -0.119027 0.136471 -1.28207e-16
2.56558e+10 -0.119153 0.136397 -1.28207e-16
2.56874e+10 -0.119279 0.136323 -1.42452e-16
2.57189e+10 -0.119404 0.136249 -1.42452e-16
2.57505e+10 -0.119529 0.136174 -1.42452e-16
2.5782e+10 -0.119654 0.136099 -1.28207e-16
2.58136e+10 -0.119779 0.136024 -1.28207e-16
2.58451e+10 -0.119903 0.135948 -1.42452e-16
2.58767e+10 -0.120027 0.135873 -1.13961e-16
2.59083e+10 -0.120151 0.135797 -9.97163e-17
2.59398e+10 -0.120274 0.13572 -1.13961e-16
2.59714e+10 -0.120398 0.135644 -1.13961e-16
2.60029e+10 -0.120521 0.135567 -9.97163e-17
2.60345e+10 -0.120643 0.13549 -1.13961e-16
2.6066e+10 -0.120766 0.135412 -1.13961e-16
2.60976e+10 -0.120888 0.135334 -1.13961e-16
2.61292e+10 -0.12101 0.135256 -1.28207e-16
2.61607e+10 -0.121132 0.135178 -1.28207e-16
2.61923e+10 -0.121253 0.135099 -1.13961e-16
2.62238e+10 -0.121375 0.13502 -1.28207e-16
2.62554e+10 -0.121496 0.134941 -1.28207e-16
2.62869e+10 -0.121616 0.134862 -1.28207e-16
2.63185e+10 -0.121737 0.134782 -1.13961e-16
2.63501e+10 -0.121857 0.134702 -1.28207e-16
2.63816e+10 -0.121977 0.134622 -1.42452e-16
2.64132e+10 -0.122097 0.134541 -1.28207e-16
2.64447e+10 -0.122216 0.13446 -1.28207e-16
2.64763e+10 -0.122335 0.134379 -1.28207e-16
2.65078e+10 -0.122454 0.134297 -1.28207e-16
2.65394e+10 -0.122573 0.134216 -1.42452e-16
2.6571e+10 -0.122691 0.134133 -1.28207e-16
2.66025e+10 -0.122809 0.134051 -1.28207e-16
2.66341e+10 -0.122927 0.133969 -1.13961e-16
2.66656e+10 -0.123045 0.133886 -1.13961e-16
2.66972e+10 -0.123162 0.133802 -1.13961e-16
2.67287e+10 -0.123279 0.133719 -1.28207e-16
2.67603e+10 -0.123396 0.133635 -1.28207e-16
2.67919e+10 -0.123513 0.133551 -1.28207e-16
2.68234e+10 -0.123629 0.133467 -9.97163e-17
2.6855e+10 -0.123745 0.133382 -9.97163e-17
2.68865e+10 -0.123861 0.133297 -1.13961e-16
2.69181e+10 -0.123976 0.133212 -1.13961e-16
2.69496e+10 -0.124092 0.133127 -1.28207e-16
2.69812e+10 -0.124207 0.133041 -1.13961e-16
2.70128e+10 -0.124322 0.132955 -1.13961e-16
2.70443e+10 -0.124436 0.132869 -1.13961e-16
2.70759e+10 -0.12455 0.132782 -1.13961e-16
2.71074e+10 -0.124664 0.132695 -1.13961e-16
2.7139e+10 -0.124778 0.132608 -1.13961e-16
2.71705e+10 -0.124891 0.132521 -1.13961e-16
2.72021e+10 -0.125005 0.132433 -9.97163e-17
2.72336e+10 -0.125117 0.132345 -1.13961e-16
2.72652e+10 -0.12523 0.132257 -1.13961e-16
2.72968e+10 -0.125343 0.132169 -1.13961e-16
2.73283e+10 -0.125455 0.13208 -9.97163e-17
2.73599e+10 -0.125567 0.131991 -1.28207e-16
2.73914e+10 -0.125678 0.131901 -1.28207e-16
2.7423e+10 -0.125789 0.131812 -1.13961e-16
2.74545e+10 -0.125901 0.131722 -1.13961e-16
2.74861e+10 -0.126011 0.131632 -1.13961e-16
2.75177e+10 -0.126122 0.131541 -1.28207e-16
2.75492e+10 -0.126232 0.131451 -1.28207e-16
2.75808e+10 -0.126342 0.13136 -1.28207e-16
2.76123e+10 -0.126452 0.131268 -1.28207e-16
2.76439e+10 -0.126561 0.131177 -1.28207e-16
2.76754e+10 -0.126671 0.131085 -1.42452e-16
2.7707e+10 -0.12678 0.130993 -1.13961e-16
2.77386e+10 -0.126888 0.130901 -1.13961e-16
2.77701e+10 -0.126997 0.130808 -9.97163e-17
2.78017e+10 -0.127105 0.130715 -1.42452e-16
2.78332e+10 -0.127213 0.130622 -1.13961e-16
2.78648e+10 -0.12732 0.130528 -9.97163e-17
2.78963e+10 -0.127428 0.130435 -1.28207e-16
2.79279e+10 -0.127535 0.130341 -9.97163e-17
2.79595e+10 -0.127642 0.130246 -1.13961e-16
2.7991e+10 -0.127748 0.130152 -1.13961e-16
2.80226e+10 -0.127855 0.130057 -9.97163e-17
2.80541e+10 -0.127961 0.129962 -1.13961e-16
2.80857e+10 -0.128066 0.129867 -9.97163e-17
2.81172e+10 -0.128172 0.129771 -9.97163e-17
2.81488e+10 -0.128277 0.129675 -9.97163e-17
2.81804e+10 -0.128382 0.129579 -1.13961e-16
2.82119e+10 -0.128487 0.129482 -1.13961e-16
2.82435e+10 -0.128591 0.129386 -1.28207e-16
2.8275e+10 -0.128695 0.129289 -1.13961e-16
2.83066e+10 -0.128799 0.129191 -1.13961e-16
2.83381e+10 -0.128903 0.129094 -1.28207e-16
2.83697e+10 -0.129006 0.128996 -1.13961e-16
2.84013e+10 -0.129109 0.128898 -9.97163e-17
2.84328e+10 -0.129212 0.1288 -9.97163e-17
2.84644e+10 -0.129315 0.128701 -1.13961e-16
2.84959e+10 -0.129417 0.128602 -1.28207e-16
2.85275e+10 -0.129519 0.128503 -1.13961e-16
2.8559e+10 -0.129621 0.128404 -1.28207e-16
2.85906e+10 -0.129722 0.128304 -9.97163e-17
2.86222e+10 -0.129823 0.128204 -1.13961e-16
2.86537e+10 -0.129924 0.128104 -1.28207e-16
2.86853e+10 -0.130025 0.128003 -1.42452e-16
2.87168e+10 -0.130125 0.127903 -1.13961e-16
2.87484e+10 -0.130225 0.127801 -1.13961e-16
2.87799e+10 -0.130325 0.1277 -1.13961e-16
2.88115e+10 -0.130425 0.127599 -1.28207e-16
2.88431e+10 -0.130524 0.127497 -1.42452e-16
2.88746e+10 -0.130623 0.127395 -1.28207e-16
2.89062e+10 -0.130722 0.127292 -1.28207e-16
2.89377e+10 -0.13082 0.12719 -9.97163e-17
2.89693e+10 -0.130918 0.127087 -1.28207e-16
2.90008e+10 -0.131016 0.126984 -1.13961e-16
2.90324e+10 -0.131114 0.12688 -1.28207e-16
2.9064e+10 -0.131211 0.126777 -1.28207e-16
2.90955e+10 -0.131308 0.126673 -1.28207e-16
2.91271e+10 -0.131405 0.126569 -1.13961e-16
2.91586e+10 -0.131502 0.126464 -1.28207e-16
2.91902e+10 -0.131598 0.126359 -1.28207e-16
2.92217e+10 -0.131694 0.126254 -1.13961e-16
2.92533e+10 -0.13179 0.126149 -1.13961e-16
2.92849e+10 -0.131885 0.126044 -1.13961e-16
2.93164e+10 -0.13198 0.125938 -1.28207e-16
2.9348e+10 -0.132075 0.125832 -1.13961e-16
2.93795e+10 -0.13217 0.125725 -9.97163e-17
2.94111e+10 -0.132264 0.125619 -9.97163e-17
2.94426e+10 -0.132358 0.125512 -1.13961e-16
2.94742e+10 -0.132452 0.125405 -1.13961e-16
2.95058e+10 -0.132546 0.125297 -1.13961e-16
2.95373e+10 -0.132639 0.12519 -9.97163e-17
2.95689e+10 -0.132732 0.125082 -1.13961e-16
2.96004e+10 -0.132824 0.124974 -9.97163e-17
2.9632e+10 -0.132917 0.124865 -9.97163e-17
2.96635e+10 -0.133009 0.124757 -1.13961e-16
2.96951e+10 -0.133101 0.124648 -9.97163e-17
2.97266e+10 -0.133192 0.124539 -9.97163e-17
2.97582e+10 -0.133284 0.124429 -1.13961e-16
2.97898e+10 -0.133375 0.124319 -1.13961e-16
2.98213e+10 -0.133465 0.124209 -9.97163e-17
2.98529e+10 -0.133556 0.124099 -9.97163e-17
2.98844e+10 -0.133646 0.123989 -9.97163e-17
2.9916e+10 -0.133736 0.123878 -1.13961e-16
2.99475e+10 -0.133826 0.123767 -9.97163e-17
2.99791e+10 -0.133915 0.123656 -9.97163e-17
3.00107e+10 -0.134004 0.123544 -9.97163e-17
3.00422e+10 -0.134093 0.123432 -8.54711e-17
3.00738e+10 -0.134181 0.12332 -9.97163e-17
3.01053e+10 -0.134269 0.123208 -9.97163e-17
3.01369e+10 -0.134357 0.123095 -8.54711e-17
3.01684e+10 -0.134445 0.122983 -9.97163e-17
3.02e+10 -0.134532 0.122869 -9.97163e-17
3.02316e+10 -0.13462 0.122756 -9.97163e-17
3.02631e+10 -0.134706 0.122643 -9.97163e-17
3.02947e+10 -0.134793 0.122529 -8.54711e-17
3.03262e+10 -0.134879 0.122415 -8.54711e-17
3.03578e+10 -0.134965 0.1223 -8.54711e-17
3.03893e+10 -0.135051 0.122186 -9.97163e-17
3.04209e+10 -0.135136 0.122071 -8.54711e-17
3.04525e+10 -0.135221 0.121956 -8.54711e-17
3.0484e+10 -0.135306 0.12184 -9.97163e-17
3.05156e+10 -0.135391 0.121725 -8.54711e-17
3.05471e+10 -0.135475 0.121609 -8.54711e-17
3.05787e+10 -0.135559 0.121492 -8.54711e-17
3.06102e+10 -0.135642 0.121376 -9.97163e-17
3.06418e+10 -0.135726 0.121259 -9.97163e-17
3.06734e+10 -0.135809 0.121142 -8.54711e-17
3.07049e+10 -0.135892 0.121025 -8.54711e-17
3.07365e+10 -0.135974 0.120908 -8.54711e-17
3.0768e+10 -0.136057 0.12079 -7.12259e-17
3.07996e+10 -0.136139 0.120672 -8.54711e-17
3.08311e+10 -0.13622 0.120554 -5.69807e-17
3.08627e+10 -0.136302 0.120436 -5.69807e-17
3.08943e+10 -0.136383 0.120317 -7.12259e-17
3.09258e+10 -0.136464 0.120198 -5.69807e-17
3.09574e+10 -0.136544 0.120079 -8.54711e-17
3.09889e+10 -0.136624 0.119959 -5.69807e-17
3.10205e+10 -0.136704 0.119839 -8.54711e-17
3.1052e+10 -0.136784 0.119719 -8.54711e-17
3.10836e+10 -0.136863 0.119599 -8.54711e-17
3.11152e+10 -0.136942 0.119479 -8.54711e-17
3.11467e+10 -0.137021 0.119358 -8.54711e-17
3.11783e+10 -0.1371 0.119237 -7.12259e-17
3.12098e+10 -0.137178 0.119116 -7.12259e-17
3.12414e+10 -0.137256 0.118994 -8.54711e-17
3.12729e+10 -0.137333 0.118873 -7.12259e-17
3.13045e+10 -0.137411 0.118751 -5.69807e-17
3.13361e+10 -0.137488 0.118628 -7.12259e-17
3.13676e+10 -0.137565 0.118506 -7.12259e-17
3.13992e+10 -0.137641 0.118383 -8.54711e-17
3.14307e+10 -0.137717 0.11826 -8.54711e-17
3.14623e+10 -0.137793 0.118137 -8.54711e-17
3.14938e+10 -0.137869 0.118013 -7.12259e-17
3.15254e+10 -0.137944 0.11789 -8.54711e-17
3.1557e+10 -0.138019 0.117766 -7.12259e-17
3.15885e+10 -0.138094 0.117641 -7.12259e-17
3.16201e+10 -0.138168 0.117517 -5.69807e-17
3.16516e+10 -0.138242 0.117392 -8.54711e-17
3.16832e+10 -0.138316 0.117267 -7.12259e-17
3.17147e+10 -0.13839 0.117142 -7.12259e-17
3.17463e+10 -0.138463 0.117016 -7.12259e-17
3.17779e+10 -0.138536 0.116891 -7.12259e-17
3.18094e+10 -0.138609 0.116765 -7.12259e-17
3.1841e+10 -0.138681 0.116638 -8.54711e-17
3.18725e+10 -0.138753 0.116512 -5.69807e-17
3.19041e+10 -0.138825 0.116385 -7.12259e-17
3.19356e+10 -0.138896 0.116258 -8.54711e-17
3.19672e+10 -0.138967 0.116131 -8.54711e-17
3.19987e+10 -0.139038 0.116003 -8.54711e-17
3.20303e+10 -0.139109 0.115876 -8.54711e-17
3.20619e+10 -0.139179 0.115748 -7.12259e-17
3.20934e+10 -0.139249 0.115619 -5.69807e-17
3.2125e+10 -0.139319 0.115491 -7.12259e-17
3.21565e+10 -0.139388 0.115362 -7.12259e-17
3.21881e+10 -0.139457 0.115233 -7.12259e-17
3.22196e+10 -0.139526 0.115104 -4.27356e-17
3.22512e+10 -0.139595 0.114975 -4.27356e-17
3.22828e+10 -0.139663 0.114845 -4.27356e-17
3.23143e+10 -0.139731 0.114715 -5.69807e-17
3.23459e+10 -0.139798 0.114585 -5.69807e-17
3.23774e+10 -0.139866 0.114454 -4.27356e-17
3.2409e+10 -0.139933 0.114324 -4.27356e-17
3.24405e+10 -0.139999 0.114193 -5.69807e-17
3.24721e+10 -0.140066 0.114061 -5.69807e-17
3.25037e+10 -0.140132 0.11393 -5.69807e-17
3.25352e+10 -0.140198 0.113798 -7.12259e-17
3.25668e+10 -0.140263 0.113666 -5.69807e-17
3.25983e+10 -0.140328 0.113534 -5.69807e-17
3.26299e+10 -0.140393 0.113402 -5.69807e-17
3.26614e+10 -0.140458 0.113269 -4.27356e-17
3.2693e+10 -0.140522 0.113136 -5.69807e-17
3.27246e+10 -0.140586 0.113003 -5.69807e-17
3.27561e+10 -0.14065 0.11287 -7.12259e-17
3.27877e+10 -0.140713 0.112736 -5.69807e-17
3.28192e+10 -0.140776 0.112602 -5.69807e-17
3.28508e+10 -0.140839 0.112468 -5.69807e-17
3.28823e+10 -0.140901 0.112334 -2.84904e-17
3.29139e+10 -0.140963 0.112199 -4.27356e-17
3.29455e+10 -0.141025 0.112064 -5.69807e-17
3.2977e+10 -0.141087 0.111929 -4.27356e-17
3.30086e+10 -0.141148 0.111794 -5.69807e-17
3.30401e+10 -0.141209 0.111658 -4.27356e-17
3.30717e+10 -0.14127 0.111522 -4.27356e-17
3.31032e+10 -0.14133 0.111386 -5.69807e-17
3.31348e+10 -0.14139 0.11125 -5.69807e-17
3.31664e+10 -0.14145 0.111113 -4.27356e-17
3.31979e+10 -0.141509 0.110977 -5.69807e-17
3.32295e+10 -0.141568 0.11084 -4.27356e-17
3.3261e+10 -0.141627 0.110702 -2.84904e-17
3.32926e+10 -0.141685 0.110565 -4.27356e-17
3.33241e+10 -0.141743 0.110427 -2.84904e-17
3.33557e+10 -0.141801 0.110289 -4.27356e-17
3.33873e+10 -0.141859 0.110151 -4.27356e-17
3.34188e+10 -0.141916 0.110012 -2.84904e-17
3.34504e+10 -0.141973 0.109874 -2.84904e-17
3.34819e+10 -0.14203 0.109735 -2.84904e-17
3.35135e+10 -0.142086 0.109595 -4.27356e-17
3.3545e+10 -0.142142 0.109456 -2.84904e-17
3.35766e+10 -0.142197 0.109316 -2.84904e-17
3.36082e+10 -0.142253 0.109176 -1.42452e-17
3.36397e+10 -0.142308 0.109036 -2.84904e-17
3.36713e+10 -0.142363 0.108896 -2.84904e-17
3.37028e+10 -0.142417 0.108755 -2.84904e-17
3.37344e+10 -0.142471 0.108614 -4.27356e-17
3.37659e+10 -0.142525 0.108473 -1.42452e-17
3.37975e+10 -0.142578 0.108332 -1.42452e-17
3.38291e+10 -0.142631 0.10819 -1.42452e-17
3.38606e+10 -0.142684 0.108048 -2.84904e-17
3.38922e+10 -0.142737 0.107906 -1.42452e-17
3.39237e+10 -0.142789 0.107764 -2.84904e-17
3.39553e+10 -0.142841 0.107621 -1.42452e-17
3.39868e+10 -0.142892 0.107479 -2.84904e-17
3.40184e+10 -0.142944 0.107335 -2.84904e-17
3.405e+10 -0.142995 0.107192 -2.84904e-17
3.40815e+10 -0.143045 0.107049 -2.84904e-17
3.41131e+10 -0.143096 0.106905 -1.42452e-17
3.41446e+10 -0.143146 0.106761 -2.84904e-17
3.41762e+10 -0.143195 0.106617 -2.84904e-17
3.42077e+10 -0.143245 0.106472 -2.84904e-17
3.42393e+10 -0.143294 0.106328 -2.84904e-17
3.42708e+10 -0.143342 0.106183 -2.84904e-17
3.43024e+10 -0.143391 0.106037 -2.84904e-17
3.4334e+10 -0.143439 0.105892 -4.27356e-17
3.43655e+10 -0.143486 0.105746 -1.42452e-17
3.43971e+10 -0.143534 0.1056 -2.84904e-17
3.44286e+10 -0.143581 0.105454 -1.42452e-17
3.44602e+10 -0.143628 0.105308 -2.84904e-17
3.44917e+10 -0.143674 0.105161 -1.42452e-17
3.45233e+10 -0.14372 0.105014 -1.42452e-17
3.45549e+10 -0.143766 0.104867 0
3.45864e+10 -0.143812 0.10472 0
3.4618e+10 -0.143857 0.104573 0
3.46495e+10 -0.143902 0.104425 1.42452e-17
3.46811e+10 -0.143946 0.104277 1.42452e-17
3.47126e+10 -0.14399 0.104128 0
3.47442e+10 -0.144034 0.10398 1.42452e-17
3.47758e+10 -0.144078 0.103831 0
3.48073e+10 -0.144121 0.103682 -1.42452e-17
3.48389e+10 -0.144164 0.103533 0
3.48704e+10 -0.144206 0.103384 1.42452e-17
3.4902e+10 -0.144249 0.103234 0
3.49335e+10 -0.144291 0.103084 2.84904e-17
3.49651e+10 -0.144332 0.102934 1.42452e-17
3.49967e+10 -0.144373 0.102784 2.84904e-17
3.50282e+10 -0.144414 0.102633 2.84904e-17
3.50598e+10 -0.144455 0.102482 2.84904e-17
3.50913e+10 -0.144495 0.102331 2.84904e-17
3.51229e+10 -0.144535 0.10218 2.84904e-17
3.51544e+10 -0.144575 0.102028 2.84904e-17
3.5186e+10 -0.144614 0.101877 2.84904e-17
3.52176e+10 -0.144653 0.101725 2.84904e-17
3.52491e+10 -0.144691 0.101572 4.27356e-17
3.52807e+10 -0.14473 0.10142 4.27356e-17
3.53122e+10 -0.144768 0.101267 5.69807e-17
3.53438e+10 -0.144805 0.101114 4.27356e-17
3.53753e+10 -0.144842 0.100961 5.69807e-17
3.54069e+10 -0.144879 0.100808 5.69807e-17
3.54385e+10 -0.144916 0.100654 5.69807e-17
3.547e+10 -0.144952 0.1005 4.27356e-17
3.55016e+10 -0.144988 0.100346 2.84904e-17
3.55331e+10 -0.145024 0.100192 2.84904e-17
3.55647e+10 -0.145059 0.100037 4.27356e-17
3.55962e+10 -0.145094 0.0998823 4.27356e-17
3.56278e+10 -0.145129 0.0997273 4.27356e-17
3.56594e+10 -0.145163 0.099572 5.69807e-17
3.56909e+10 -0.145197 0.0994165 2.84904e-17
3.57225e+10 -0.14523 0.0992608 4.27356e-17
3.5754e+10 -0.145264 0.0991049 2.84904e-17
3.57856e+10 -0.145296 0.0989487 4.27356e-17
3.58171e+10 -0.145329 0.0987923 2.84904e-17
3.58487e+10 -0.145361 0.0986356 4.27356e-17
3.58803e+10 -0.145393 0.0984787 4.27356e-17
3.59118e+10 -0.145425 0.0983216 2.84904e-17
3.59434e+10 -0.145456 0.0981643 4.27356e-17
3.59749e+10 -0.145487 0.0980067 2.84904e-17
3.60065e+10 -0.145517 0.0978489 2.84904e-17
3.6038e+10 -0.145547 0.0976909 1.42452e-17
3.60696e+10 -0.145577 0.0975326 2.84904e-17
3.61012e+10 -0.145607 0.0973741 2.84904e-17
3.61327e+10 -0.145636 0.0972154 2.84904e-17
3.61643e+10 -0.145665 0.0970565 2.84904e-17
3.61958e+10 -0.145693 0.0968973 2.84904e-17
3.62274e+10 -0.145721 0.0967379 2.84904e-17
3.62589e+10 -0.145749 0.0965783 4.27356e-17
3.62905e+10 -0.145776 0.0964184 2.84904e-17
3.63221e+10 -0.145803 0.0962583 2.84904e-17
3.63536e+10 -0.14583 0.096098 2.84904e-17
3.63852e+10 -0.145856 0.0959374 1.42452e-17
3.64167e+10 -0.145883 0.0957766 2.84904e-17
3.64483e+10 -0.145908 0.0956156 2.84904e-17
3.64798e+10 -0.145934 0.0954544 2.84904e-17
3.65114e+10 -0.145959 0.0952929 4.27356e-17
3.6543e+10 -0.145983 0.0951312 2.84904e-17
3.65745e+10 -0.146007 0.0949693 4.27356e-17
3.66061e+10 -0.146031 0.0948072 4.27356e-17
3.66376e+10 -0.146055 0.0946448 4.27356e-17
3.66692e+10 -0.146078 0.0944822 5.69807e-17
3.67007e+10 -0.146101 0.0943193 4.27356e-17
3.67323e+10 -0.146124 0.0941563 4.27356e-17
3.67638e+10 -0.146146 0.093993 5.69807e-17
3.67954e+10 -0.146168 0.0938295 4.27356e-17
3.6827e+10 -0.146189 0.0936657 5.69807e-17
3.68585e+10 -0.14621 0.0935018 4.27356e-17
3.68901e+10 -0.146231 0.0933376 4.27356e-17
3.69216e+10 -0.146251 0.0931731 2.84904e-17
3.69532e+10 -0.146271 0.0930085 2.84904e-17
3.69847e+10 -0.146291 0.0928436 2.84904e-17
3.70163e+10 -0.14631 0.0926785 2.84904e-17
3.70479e+10 -0.146329 0.0925132 2.84904e-17
3.70794e+10 -0.146348 0.0923476 4.27356e-17
3.7111e+10 -0.146366 0.0921818 4.27356e-17
3.71425e+10 -0.146384 0.0920158 4.27356e-17
3.71741e+10 -0.146402 0.0918496 2.84904e-17
3.72056e+10 -0.146419 0.0916831 4.27356e-17
3.72372e+10 -0.146436 0.0915165 5.69807e-17
3.72688e+10 -0.146452 0.0913495 2.84904e-17
3.73003e+10 -0.146468 0.0911824 4.27356e-17
3.73319e+10 -0.146484 0.091015 2.84904e-17
3.73634e+10 -0.146499 0.0908475 2.84904e-17
3.7395e+10 -0.146514 0.0906797 2.84904e-17
3.74265e+10 -0.146529 0.0905116 1.42452e-17
3.74581e+10 -0.146543 0.0903434 2.84904e-17
3.74897e+10 -0.146557 0.0901749 1.42452e-17
3.75212e+10 -0.146571 0.0900062 1.42452e-17
3.75528e+10 -0.146584 0.0898372 4.27356e-17
3.75843e+10 -0.146597 0.0896681 2.84904e-17
3.76159e+10 -0.146609 0.0894987 1.42452e-17
3.76474e+10 -0.146621 0.0893291 1.42452e-17
3.7679e+10 -0.146633 0.0891593 2.84904e-17
3.77106e+10 -0.146644 0.0889892 2.84904e-17
3.77421e+10 -0.146655 0.0888189 2.84904e-17
3.77737e+10 -0.146666 0.0886484 1.42452e-17
3.78052e+10 -0.146676 0.0884777 2.84904e-17
3.78368e+10 -0.146686 0.0883068 1.42452e-17
3.78683e+10 -0.146696 0.0881356 2.84904e-17
3.78999e+10 -0.146705 0.0879642 2.84904e-17
3.79315e+10 -0.146714 0.0877926 4.27356e-17
3.7963e+10 -0.146722 0.0876207 2.84904e-17
3.79946e+10 -0.14673 0.0874487 2.84904e-17
3.80261e+10 -0.146738 0.0872764 4.27356e-17
3.80577e+10 -0.146745 0.0871039 2.84904e-17
3.80892e+10 -0.146752 0.0869311 2.84904e-17
3.81208e+10 -0.146758 0.0867582 2.84904e-17
3.81524e+10 -0.146764 0.086585 4.27356e-17
3.81839e+10 -0.14677 0.0864116 4.27356e-17
3.82155e+10 -0.146776 0.086238 2.84904e-17
3.8247e+10 -0.146781 0.0860642 2.84904e-17
3.82786e+10 -0.146785 0.0858901 2.84904e-17
3.83101e+10 -0.14679 0.0857158 2.84904e-17
3.83417e+10 -0.146793 0.0855413 2.84904e-17
3.83733e+10 -0.146797 0.0853666 2.84904e-17
3.84048e+10 -0.1468 0.0851917 4.27356e-17
3.84364e+10 -0.146803 0.0850165 4.27356e-17
3.84679e+10 -0.146805 0.0848411 4.27356e-17
3.84995e+10 -0.146807 0.0846655 4.27356e-17
3.8531e+10 -0.146809 0.0844897 5.69807e-17
3.85626e+10 -0.14681 0.0843136 5.69807e-17
3.85942e+10 -0.146811 0.0841373 4.27356e-17
3.86257e+10 -0.146811 0.0839609 2.84904e-17
3.86573e+10 -0.146811 0.0837841 4.27356e-17
3.86888e+10 -0.146811 0.0836072 4.27356e-17
3.87204e+10 -0.14681 0.0834301 2.84904e-17
3.87519e+10 -0.146809 0.0832527 4.27356e-17
3.87835e+10 -0.146808 0.0830751 4.27356e-17
3.88151e+10 -0.146806 0.0828973 2.84904e-17
3.88466e+10 -0.146804 0.0827193 4.27356e-17
3.88782e+10 -0.146801 0.082541 4.27356e-17
3.89097e+10 -0.146798 0.0823626 2.84904e-17
3.89413e+10 -0.146794 0.0821839 2.84904e-17
3.89728e+10 -0.146791 0.082005 1.42452e-17
3.90044e+10 -0.146786 0.0818258 2.84904e-17
3.90359e+10 -0.146782 0.0816465 5.69807e-17
3.90675e+10 -0.146777 0.0814669 4.27356e-17
3.90991e+10 -0.146771 0.0812872 4.27356e-17
3.91306e+10 -0.146766 0.0811072 5.69807e-17
3.91622e+10 -0.146759 0.0809269 4.27356e-17
3.91937e+10 -0.146753 0.0807465 5.69807e-17
3.92253e+10 -0.146746 0.0805659 5.69807e-17
3.92568e+10 -0.146739 0.080385 5.69807e-17
3.92884e+10 -0.146731 0.0802039 5.69807e-17
3.932e+10 -0.146723 0.0800226 4.27356e-17
3.93515e+10 -0.146714 0.0798411 5.69807e-17
3.93831e+10 -0.146705 0.0796593 5.69807e-17
3.94146e+10 -0.146696 0.0794774 5.69807e-17
3.94462e+10 -0.146686 0.0792952 7.12259e-17
3.94777e+10 -0.146676 0.0791128 7.12259e-17
3.95093e+10 -0.146665 0.0789302 5.69807e-17
3.95409e+10 -0.146654 0.0787474 7.12259e-17
3.95724e+10 -0.146643 0.0785643 7.12259e-17
3.9604e+10 -0.146631 0.0783811 7.12259e-17
3.96355e+10 -0.146619 0.0781976 8.54711e-17
3.96671e+10 -0.146606 0.0780139 7.12259e-17
3.96986e+10 -0.146593 0.07783 7.12259e-17
3.97302e+10 -0.14658 0.0776459 7.12259e-17
3.97618e+10 -0.146566 0.0774616 7.12259e-17
3.97933e+10 -0.146552 0.077277 7.12259e-17
3.98249e+10 -0.146537 0.0770922 7.12259e-17
3.98564e+10 -0.146522 0.0769072 7.12259e-17
3.9888e+10 -0.146507 0.076722 7.12259e-17
3.99195e+10 -0.146491 0.0765366 7.12259e-17
3.99511e+10 -0.146475 0.076351 5.69807e-17
3.99827e+10 -0.146458 0.0761652 4.27356e-17
4.00142e+10 -0.146441 0.0759791 4.27356e-17
4.00458e+10 -0.146423 0.0757928 5.69807e-17
4.00773e+10 -0.146405 0.0756063 5.69807e-17
4.01089e+10 -0.146387 0.0754196 5.69807e-17
4.01404e+10 -0.146368 0.0752327 7.12259e-17
4.0172e+10 -0.146349 0.0750456 7.12259e-17
4.02036e+10 -0.14633 0.0748582 5.69807e-17
4.02351e+10 -0.14631 0.0746707 8.54711e-17
4.02667e+10 -0.146289 0.0744829 7.12259e-17
4.02982e+10 -0.146268 0.0742949 8.54711e-17
4.03298e+10 -0.146247 0.0741067 7.12259e-17
4.03613e+10 -0.146225 0.0739183 7.12259e-17
4.03929e+10 -0.146203 0.0737297 7.12259e-17
4.04245e+10 -0.146181 0.0735408 7.12259e-17
4.0456e+10 -0.146158 0.0733518 8.54711e-17
4.04876e+10 -0.146134 0.0731625 7.12259e-17
4.05191e+10 -0.146111 0.0729731 8.54711e-17
4.05507e+10 -0.146086 0.0727834 7.12259e-17
4.05822e+10 -0.146062 0.0725935 8.54711e-17
4.06138e+10 -0.146037 0.0724034 7.12259e-17
4.06454e+10 -0.146011 0.072213 8.54711e-17
4.06769e+10 -0.145985 0.0720225 8.54711e-17
4.07085e+10 -0.145959 0.0718317 7.12259e-17
4.074e+10 -0.145932 0.0716408 7.12259e-17
4.07716e+10 -0.145905 0.0714496 8.54711e-17
4.08031e+10 -0.145877 0.0712582 8.54711e-17
4.08347e+10 -0.145849 0.0710666 8.54711e-17
4.08663e+10 -0.145821 0.0708748 9.97163e-17
4.08978e+10 -0.145792 0.0706828 8.54711e-17
4.09294e+10 -0.145762 0.0704906 8.54711e-17
4.09609e+10 -0.145732 0.0702981 8.54711e-17
4.09925e+10 -0.145702 0.0701055 8.54711e-17
4.1024e+10 -0.145672 0.0699126 8.54711e-17
4.10556e+10 -0.14564 0.0697196 9.97163e-17
4.10872e+10 -0.145609 0.0695263 9.97163e-17
4.11187e+10 -0.145577 0.0693328 9.97163e-17
4.11503e+10 -0.145544 0.0691391 9.97163e-17
4.11818e+10 -0.145511 0.0689452 8.54711e-17
4.12134e+10 -0.145478 0.0687511 8.54711e-17
4.12449e+10 -0.145444 0.0685567 8.54711e-17
4.12765e+10 -0.14541 0.0683622 9.97163e-17
4.13081e+10 -0.145375 0.0681674 1.13961e-16
4.13396e+10 -0.14534 0.0679725 1.13961e-16
4.13712e+10 -0.145305 0.0677773 1.28207e-16
4.14027e+10 -0.145269 0.067582 1.13961e-16
4.14343e+10 -0.145232 0.0673864 9.97163e-17
4.14658e+10 -0.145195 0.0671906 1.13961e-16
4.14974e+10 -0.145158 0.0669946 9.97163e-17
4.15289e+10 -0.14512 0.0667984 9.97163e-17
4.15605e+10 -0.145082 0.066602 1.13961e-16
4.15921e+10 -0.145043 0.0664054 9.97163e-17
4.16236e+10 -0.145004 0.0662085 9.97163e-17
4.16552e+10 -0.144965 0.0660115 9.97163e-17
4.16867e+10 -0.144924 0.0658142 9.97163e-17
4.17183e+10 -0.144884 0.0656168 1.13961e-16
4.17498e+10 -0.144843 0.0654191 1.13961e-16
4.17814e+10 -0.144802 0.0652213 1.28207e-16
4.1813e+10 -0.14476 0.0650232 1.13961e-16
4.18445e+10 -0.144717 0.0648249 1.13961e-16
4.18761e+10 -0.144674 0.0646265 1.13961e-16
4.19076e+10 -0.144631 0.0644278 1.28207e-16
4.19392e+10 -0.144587 0.0642289 1.13961e-16
4.19707e+10 -0.144543 0.0640298 1.13961e-16
4.20023e+10 -0.144499 0.0638305 1.13961e-16
4.20339e+10 -0.144453 0.063631 1.13961e-16
4.20654e+10 -0.144408 0.0634312 1.13961e-16
4.2097e+10 -0.144362 0.0632313 9.97163e-17
4.21285e+10 -0.144315 0.0630312 1.13961e-16
4.21601e+10 -0.144268 0.0628309 1.13961e-16
4.21916e+10 -0.144221 0.0626303 1.13961e-16
4.22232e+10 -0.144173 0.0624296 1.13961e-16
4.22548e+10 -0.144124 0.0622286 9.97163e-17
4.22863e+10 -0.144075 0.0620275 9.97163e-17
4.23179e+10 -0.144026 0.0618261 1.13961e-16
4.23494e+10 -0.143976 0.0616246 8.54711e-17
4.2381e+10 -0.143926 0.0614228 1.13961e-16
4.24125e+10 -0.143875 0.0612209 1.13961e-16
4.24441e+10 -0.143824 0.0610187 1.13961e-16
4.24757e+10 -0.143772 0.0608163 1.13961e-16
4.25072e+10 -0.14372 0.0606138 1.28207e-16
4.25388e+10 -0.143667 0.060411 1.13961e-16
4.25703e+10 -0.143614 0.060208 1.13961e-16
4.26019e+10 -0.14356 0.0600048 1.13961e-16
4.26334e+10 -0.143506 0.0598015 9.97163e-17
4.2665e+10 -0.143452 0.0595979 9.97163e-17
4.26966e+10 -0.143396 0.0593941 9.97163e-17
4.27281e+10 -0.143341 0.0591901 9.97163e-17
4.27597e+10 -0.143285 0.0589859 1.13961e-16
4.27912e+10 -0.143228 0.0587815 1.13961e-16
4.28228e+10 -0.143171 0.0585769 1.28207e-16
4.28543e+10 -0.143114 0.0583722 1.13961e-16
4.28859e+10 -0.143056 0.0581672 9.97163e-17
4.29175e+10 -0.142997 0.057962 1.13961e-16
4.2949e+10 -0.142938 0.0577566 1.13961e-16
4.29806e+10 -0.142878 0.057551 1.13961e-16
4.30121e+10 -0.142818 0.0573452 1.13961e-16
4.30437e+10 -0.142758 0.0571392 1.13961e-16
4.30752e+10 -0.142697 0.056933 1.13961e-16
4.31068e+10 -0.142635 0.0567266 1.13961e-16
4.31384e+10 -0.142573 0.0565201 1.28207e-16
4.31699e+10 -0.142511 0.0563133 1.13961e-16
4.32015e+10 -0.142448 0.0561063 1.13961e-16
4.3233e+10 -0.142384 0.0558991 1.13961e-16
4.32646e+10 -0.14232 0.0556917 1.13961e-16
4.32961e+10 -0.142256 0.0554841 1.13961e-16
4.33277e+10 -0.142191 0.0552764 1.28207e-16
4.33593e+10 -0.142125 0.0550684 1.13961e-16
4.33908e+10 -0.142059 0.0548602 1.13961e-16
4.34224e+10 -0.141992 0.0546519 1.13961e-16
4.34539e+10 -0.141925 0.0544433 1.13961e-16
4.34855e+10 -0.141858 0.0542345 1.13961e-16
4.3517e+10 -0.14179 0.0540256 1.13961e-16
4.35486e+10 -0.141721 0.0538164 1.13961e-16
4.35802e+10 -0.141652 0.0536071 1.13961e-16
4.36117e+10 -0.141582 0.0533975 1.28207e-16
4.36433e+10 -0.141512 0.0531878 1.28207e-16
4.36748e+10 -0.141441 0.0529779 1.13961e-16
4.37064e+10 -0.14137 0.0527677 1.28207e-16
4.37379e+10 -0.141298 0.0525574 1.13961e-16
4.37695e+10 -0.141226 0.0523469 1.28207e-16
4.3801e+10 -0.141153 0.0521362 1.42452e-16
4.38326e+10 -0.14108 0.0519253 1.42452e-16
4.38642e+10 -0.141006 0.0517142 1.42452e-16
4.38957e+10 -0.140932 0.0515029 1.28207e-16
4.39273e+10 -0.140857 0.0512914 1.28207e-16
4.39588e+10 -0.140781 0.0510797 1.42452e-16
4.39904e+10 -0.140705 0.0508678 1.28207e-16
4.40219e+10 -0.140629 0.0506557 1.28207e-16
4.40535e+10 -0.140552 0.0504435 1.28207e-16
4.40851e+10 -0.140474 0.050231 1.42452e-16
4.41166e+10 -0.140396 0.0500184 1.28207e-16
4.41482e+10 -0.140318 0.0498055 1.28207e-16
4.41797e+10 -0.140238 0.0495925 1.42452e-16
4.42113e+10 -0.140159 0.0493793 1.42452e-16
4.42428e+10 -0.140078 0.0491659 1.42452e-16
4.42744e+10 -0.139998 0.0489523 1.42452e-16
4.4306e+10 -0.139916 0.0487385 1.28207e-16
4.43375e+10 -0.139834 0.0485245 1.28207e-16
4.43691e+10 -0.139752 0.0483104 1.13961e-16
4.44006e+10 -0.139669 0.048096 1.28207e-16
4.44322e+10 -0.139585 0.0478814 1.28207e-16
4.44637e+10 -0.139501 0.0476667 1.28207e-16
4.44953e+10 -0.139417 0.0474518 1.13961e-16
4.45269e+10 -0.139332 0.0472367 1.13961e-16
4.45584e+10 -0.139246 0.0470214 1.13961e-16
4.459e+10 -0.139159 0.0468059 1.13961e-16
4.46215e+10 -0.139073 0.0465902 9.97163e-17
4.46531e+10 -0.138985 0.0463743 1.13961e-16
4.46846e+10 -0.138897 0.0461583 1.13961e-16
4.47162e+10 -0.138809 0.045942 9.97163e-17
4.47478e+10 -0.13872 0.0457256 1.28207e-16
4.47793e+10 -0.13863 0.045509 1.13961e-16
4.48109e+10 -0.13854 0.0452922 1.13961e-16
4.48424e+10 -0.138449 0.0450752 1.13961e-16
4.4874e+10 -0.138357 0.044858 1.13961e-16
4.49055e+10 -0.138266 0.0446407 1.13961e-16
4.49371e+10 -0.138173 0.0444231 9.97163e-17
4.49687e+10 -0.13808 0.0442054 1.13961e-16
4.50002e+10 -0.137986 0.0439875 1.13961e-16
4.50318e+10 -0.137892 0.0437694 1.13961e-16
4.50633e+10 -0.137797 0.0435512 9.97163e-17
4.50949e+10 -0.137702 0.0433327 9.97163e-17
4.51264e+10 -0.137606 0.0431141 9.97163e-17
4.5158e+10 -0.137509 0.0428952 1.28207e-16
4.51896e+10 -0.137412 0.0426762 9.97163e-17
4.52211e+10 -0.137314 0.042457 1.13961e-16
4.52527e+10 -0.137216 0.0422377 9.97163e-17
4.52842e+10 -0.137117 0.0420181 1.13961e-16
4.53158e+10 -0.137018 0.0417984 1.13961e-16
4.53473e+10 -0.136918 0.0415785 9.97163e-17
4.53789e+10 -0.136817 0.0413584 9.97163e-17
4.54105e+10 -0.136716 0.0411381 9.97163e-17
4.5442e+10 -0.136614 0.0409177 9.97163e-17
4.54736e+10 -0.136511 0.0406971 9.97163e-17
4.55051e+10 -0.136408 0.0404763 8.54711e-17
4.55367e+10 -0.136305 0.0402553 9.97163e-17
4.55682e+10 -0.1362 0.0400341 9.97163e-17
4.55998e+10 -0.136095 0.0398128 8.54711e-17
4.56314e+10 -0.13599 0.0395913 9.97163e-17
4.56629e+10 -0.135884 0.0393696 8.54711e-17
4.56945e+10 -0.135777 0.0391477 8.54711e-17
4.5726e+10 -0.13567 0.0389257 8.54711e-17
4.57576e+10 -0.135562 0.0387034 8.54711e-17
4.57891e+10 -0.135453 0.038481 8.54711e-17
4.58207e+10 -0.135344 0.0382585 8.54711e-17
4.58523e+10 -0.135235 0.0380357 8.54711e-17
4.58838e+10 -0.135124 0.0378128 8.54711e-17
4.59154e+10 -0.135013 0.0375897 7.12259e-17
4.59469e+10 -0.134902 0.0373664 7.12259e-17
4.59785e+10 -0.134789 0.037143 8.54711e-17
4.601e+10 -0.134676 0.0369194 8.54711e-17
4.60416e+10 -0.134563 0.0366956 7.12259e-17
4.60731e+10 -0.134449 0.0364717 7.12259e-17
4.61047e+10 -0.134334 0.0362475 7.12259e-17
4.61363e+10 -0.134219 0.0360232 8.54711e-17
4.61678e+10 -0.134103 0.0357988 7.12259e-17
4.61994e+10 -0.133986 0.0355741 7.12259e-17
4.62309e+10 -0.133869 0.0353493 5.69807e-17
4.62625e+10 -0.133751 0.0351244 7.12259e-17
4.6294e+10 -0.133632 0.0348992 7.12259e-17
4.63256e+10 -0.133513 0.0346739 7.12259e-17
4.63572e+10 -0.133393 0.0344484 5.69807e-17
4.63887e+10 -0.133273 0.0342228 5.69807e-17
4.64203e+10 -0.133151 0.033997 5.69807e-17
4.64518e+10 -0.13303 0.033771 4.98581e-17
4.64834e+10 -0.132907 0.0335448 5.69807e-17
4.65149e+10 -0.132784 0.0333185 6.41033e-17
4.65465e+10 -0.13266 0.0330921 7.12259e-17
4.65781e+10 -0.132536 0.0328654 7.12259e-17
4.66096e+10 -0.132411 0.0326386 7.12259e-17
4.66412e+10 -0.132285 0.0324116 7.12259e-17
4.66727e+10 -0.132159 0.0321845 6.41033e-17
4.67043e+10 -0.132031 0.0319572 6.41033e-17
4.67358e+10 -0.131904 0.0317298 5.69807e-17
4.67674e+10 -0.131775 0.0315022 6.41033e-17
4.6799e+10 -0.131646 0.0312744 4.98581e-17
4.68305e+10 -0.131516 0.0310465 6.41033e-17
4.68621e+10 -0.131386 0.0308184 7.12259e-17
4.68936e+10 -0.131255 0.0305901 6.41033e-17
4.69252e+10 -0.131123 0.0303617 7.12259e-17
4.69567e+10 -0.130991 0.0301331 8.54711e-17
4.69883e+10 -0.130857 0.0299044 7.12259e-17
4.70199e+10 -0.130723 0.0296755 7.12259e-17
4.70514e+10 -0.130589 0.0294465 7.12259e-17
4.7083e+10 -0.130454 0.0292173 7.12259e-17
4.71145e+10 -0.130318 0.0289879 7.12259e-17
4.71461e+10 -0.130181 0.0287584 7.12259e-17
4.71776e+10 -0.130044 0.0285288 7.12259e-17
4.72092e+10 -0.129906 0.028299 7.12259e-17
4.72408e+10 -0.129767 0.028069 7.12259e-17
4.72723e+10 -0.129628 0.0278389 7.12259e-17
4.73039e+10 -0.129488 0.0276086 7.12259e-17
4.73354e+10 -0.129347 0.0273782 7.12259e-17
4.7367e+10 -0.129205 0.0271476 7.12259e-17
4.73985e+10 -0.129063 0.0269169 7.12259e-17
4.74301e+10 -0.12892 0.026686 7.83485e-17
4.74617e+10 -0.128776 0.026455 7.12259e-17
4.74932e+10 -0.128632 0.0262239 8.54711e-17
4.75248e+10 -0.128487 0.0259925 7.12259e-17
4.75563e+10 -0.128341 0.0257611 7.83485e-17
4.75879e+10 -0.128194 0.0255295 7.12259e-17
4.76194e+10 -0.128047 0.0252977 7.12259e-17
4.7651e+10 -0.127899 0.0250658 7.12259e-17
4.76826e+10 -0.12775 0.0248338 7.83485e-17
4.77141e+10 -0.127601 0.0246016 8.54711e-17
4.77457e+10 -0.12745 0.0243693 9.25937e-17
4.77772e+10 -0.127299 0.0241368 9.97163e-17
4.78088e+10 -0.127148 0.0239042 9.25937e-17
4.78403e+10 -0.126995 0.0236715 9.25937e-17
4.78719e+10 -0.126842 0.0234386 8.54711e-17
4.79035e+10 -0.126688 0.0232056 7.12259e-17
4.7935e+10 -0.126533 0.0229724 7.83485e-17
4.79666e+10 -0.126378 0.0227391 8.54711e-17
4.79981e+10 -0.126222 0.0225057 9.25937e-17
4.80297e+10 -0.126065 0.0222721 7.83485e-17
4.80612e+10 -0.125907 0.0220384 9.97163e-17
4.80928e+10 -0.125748 0.0218046 7.83485e-17
4.81244e+10 -0.125589 0.0215706 9.25937e-17
4.81559e+10 -0.125429 0.0213365 9.25937e-17
4.81875e+10 -0.125268 0.0211023 9.25937e-17
4.8219e+10 -0.125107 0.0208679 7.83485e-17
4.82506e+10 -0.124944 0.0206334 9.25937e-17
4.82821e+10 -0.124781 0.0203988 9.25937e-17
4.83137e+10 -0.124617 0.0201641 9.97163e-17
4.83453e+10 -0.124452 0.0199292 8.54711e-17
4.83768e+10 -0.124287 0.0196942 8.54711e-17
4.84084e+10 -0.124121 0.0194591 7.83485e-17
4.84399e+10 -0.123953 0.0192238 7.83485e-17
4.84715e+10 -0.123786 0.0189884 6.41033e-17
4.8503e+10 -0.123617 0.0187529 7.12259e-17
4.85346e+10 -0.123447 0.0185173 7.83485e-17
4.85661e+10 -0.123277 0.0182816 8.54711e-17
4.85977e+10 -0.123106 0.0180457 7.83485e-17
4.86293e+10 -0.122934 0.0178097 8.54711e-17
4.86608e+10 -0.122761 0.0175736 8.54711e-17
4.86924e+10 -0.122588 0.0173374 9.25937e-17
4.87239e+10 -0.122413 0.0171011 9.25937e-17
4.87555e+10 -0.122238 0.0168646 9.25937e-17
4.8787e+10 -0.122062 0.0166281 9.25937e-17
4.88186e+10 -0.121885 0.0163914 8.54711e-17
4.88502e+10 -0.121708 0.0161546 9.25937e-17
4.88817e+10 -0.121529 0.0159177 7.83485e-17
4.89133e+10 -0.12135 0.0156807 7.83485e-17
4.89448e+10 -0.12117 0.0154436 7.12259e-17
4.89764e+10 -0.120988 0.0152064 7.83485e-17
4.90079e+10 -0.120807 0.0149691 7.12259e-17
4.90395e+10 -0.120624 0.0147316 7.83485e-17
4.90711e+10 -0.12044 0.0144941 9.97163e-17
4.91026e+10 -0.120256 0.0142565 9.25937e-17
4.91342e+10 -0.120071 0.0140187 8.54711e-17
4.91657e+10 -0.119884 0.0137809 8.54711e-17
4.91973e+10 -0.119697 0.0135429 8.54711e-17
4.92288e+10 -0.119509 0.0133049 8.54711e-17
4.92604e+10 -0.119321 0.0130668 9.25937e-17
4.9292e+10 -0.119131 0.0128285 8.54711e-17
4.93235e+10 -0.118941 0.0125902 8.54711e-17
4.93551e+10 -0.118749 0.0123518 9.25937e-17
4.93866e+10 -0.118557 0.0121133 9.25937e-17
4.94182e+10 -0.118364 0.0118747 8.54711e-17
4.94497e+10 -0.11817 0.011636 9.25937e-17
4.94813e+10 -0.117975 0.0113972 9.25937e-17
4.95129e+10 -0.117779 0.0111583 8.54711e-17
4.95444e+10 -0.117582 0.0109194 8.54711e-17
4.9576e+10 -0.117384 0.0106803 7.83485e-17
4.96075e+10 -0.117186 0.0104412 7.83485e-17
4.96391e+10 -0.116986 0.010202 8.54711e-17
4.96706e+10 -0.116786 0.00996273 8.54711e-17
4.97022e+10 -0.116585 0.00972337 9.25937e-17
4.97338e+10 -0.116382 0.00948393 8.54711e-17
4.97653e+10 -0.116179 0.00924442 8.54711e-17
4.97969e+10 -0.115975 0.00900484 8.54711e-17
4.98284e+10 -0.11577 0.00876518 7.83485e-17
4.986e+10 -0.115564 0.00852545 7.12259e-17
4.98915e+10 -0.115357 0.00828565 7.12259e-17
4.99231e+10 -0.115149 0.00804578 6.41033e-17
4.99547e+10 -0.11494 0.00780585 6.41033e-17
4.99862e+10 -0.114731 0.00756585 5.69807e-17
5.00178e+10 -0.11452 0.00732579 7.12259e-17
5.00493e+10 -0.114308 0.00708566 7.12259e-17
5.00809e+10 -0.114096 0.00684548 7.12259e-17
5.01124e+10 -0.113882 0.00660524 7.12259e-17
5.0144e+10 -0.113667 0.00636494 6.41033e-17
5.01756e+10 -0.113452 0.00612459 7.12259e-17
5.02071e+10 -0.113235 0.00588418 7.12259e-17
5.02387e+10 -0.113018 0.00564373 6.41033e-17
5.02702e+10 -0.112799 0.00540322 4.98581e-17
5.03018e+10 -0.11258 0.00516267 6.41033e-17
5.03333e+10 -0.112359 0.00492207 6.41033e-17
5.03649e+10 -0.112138 0.00468143 6.41033e-17
5.03965e+10 -0.111915 0.00444074 6.41033e-17
5.0428e+10 -0.111691 0.00420002 7.12259e-17
5.04596e+10 -0.111467 0.00395925 6.41033e-17
5.04911e+10 -0.111241 0.00371846 5.69807e-17
5.05227e+10 -0.111015 0.00347762 4.98581e-17
5.05542e+10 -0.110787 0.00323676 4.98581e-17
5.05858e+10 -0.110559 0.00299586 5.69807e-17
5.06174e+10 -0.110329 0.00275494 6.41033e-17
5.06489e+10 -0.110098 0.00251399 6.41033e-17
5.06805e+10 -0.109866 0.00227301 5.69807e-17
5.0712e+10 -0.109633 0.00203202 6.41033e-17
5.07436e+10 -0.1094 0.001791 6.41033e-17
5.07751e+10 -0.109165 0.00154997 6.41033e-17
5.08067e+10 -0.108929 0.00130892 5.69807e-17
5.08382e+10 -0.108692 0.00106786 6.41033e-17
5.08698e+10 -0.108453 0.000826791 6.41033e-17
5.09014e+10 -0.108214 0.000585711 6.41033e-17
5.09329e+10 -0.107974 0.000344626 7.12259e-17
5.09645e+10 -0.107732 0.000103538 6.41033e-17
5.0996e+10 -0.10749 -0.000137552 7.12259e-17
5.10276e+10 -0.107246 -0.00037864 7.12259e-17
5.10591e+10 -0.107002 -0.000619724 7.12259e-17
5.10907e+10 -0.106756 -0.000860802 6.41033e-17
5.11223e+10 -0.106509 -0.00110187 7.12259e-17
5.11538e+10 -0.106261 -0.00134293 7.12259e-17
5.11854e+10 -0.106012 -0.00158397 6.41033e-17
5.12169e+10 -0.105762 -0.001825 7.83485e-17
5.12485e+10 -0.10551 -0.002066 7.12259e-17
5.128e+10 -0.105258 -0.00230699 7.83485e-17
5.13116e+10 -0.105004 -0.00254795 7.12259e-17
5.13432e+10 -0.104749 -0.00278888 7.12259e-17
5.13747e+10 -0.104493 -0.00302978 7.12259e-17
5.14063e+10 -0.104236 -0.00327065 7.83485e-17
5.14378e+10 -0.103978 -0.00351148 7.12259e-17
5.14694e+10 -0.103718 -0.00375227 7.12259e-17
5.15009e+10 -0.103457 -0.00399302 6.41033e-17
5.15325e+10 -0.103196 -0.00423372 6.41033e-17
5.15641e+10 -0.102932 -0.00447437 5.69807e-17
5.15956e+10 -0.102668 -0.00471498 5.69807e-17
5.16272e+10 -0.102403 -0.00495552 6.41033e-17
5.16587e+10 -0.102136 -0.00519601 5.69807e-17
5.16903e+10 -0.101868 -0.00543644 5.69807e-17
5.17218e+10 -0.101599 -0.0056768 5.69807e-17
5.17534e+10 -0.101329 -0.00591709 5.69807e-17
5.1785e+10 -0.101057 -0.00615732 4.98581e-17
5.18165e+10 -0.100785 -0.00639746 4.98581e-17
5.18481e+10 -0.100511 -0.00663753 4.98581e-17
5.18796e+10 -0.100235 -0.00687752 4.98581e-17
5.19112e+10 -0.0999589 -0.00711742 4.98581e-17
5.19427e+10 -0.0996811 -0.00735723 4.98581e-17
5.19743e+10 -0.0994021 -0.00759694 5.69807e-17
5.20059e+10 -0.0991218 -0.00783656 4.98581e-17
5.20374e+10 -0.0988402 -0.00807608 4.98581e-17
5.2069e+10 -0.0985574 -0.00831549 4.27356e-17
5.21005e+10 -0.0982732 -0.0085548 4.98581e-17
5.21321e+10 -0.0979877 -0.00879399 4.98581e-17
5.21636e+10 -0.097701 -0.00903306 4.27356e-17
5.21952e+10 -0.0974129 -0.00927201 4.98581e-17
5.22268e+10 -0.0971235 -0.00951084 4.98581e-17
5.22583e+10 -0.0968328 -0.00974954 4.27356e-17
5.22899e+10 -0.0965408 -0.0099881 5.69807e-17
5.23214e+10 -0.0962474 -0.0102265 4.27356e-17
5.2353e+10 -0.0959526 -0.0104648 4.98581e-17
5.23845e+10 -0.0956566 -0.0107029 4.98581e-17
5.24161e+10 -0.0953591 -0.0109409 4.98581e-17
5.24477e+10 -0.0950603 -0.0111787 4.98581e-17
5.24792e+10 -0.0947601 -0.0114164 4.98581e-17
5.25108e+10 -0.0944585 -0.0116539 4.27356e-17
5.25423e+10 -0.0941556 -0.0118912 3.5613e-17
5.25739e+10 -0.0938512 -0.0121284 3.5613e-17
5.26054e+10 -0.0935454 -0.0123653 3.5613e-17
5.2637e+10 -0.0932383 -0.0126021 4.27356e-17
5.26686e+10 -0.0929297 -0.0128387 3.5613e-17
5.27001e+10 -0.0926196 -0.0130751 2.84904e-17
5.27317e+10 -0.0923082 -0.0133113 2.13678e-17
5.27632e+10 -0.0919953 -0.0135473 3.5613e-17
5.27948e+10 -0.0916809 -0.013783 3.5613e-17
5.28263e+10 -0.0913651 -0.0140186 3.5613e-17
5.28579e+10 -0.0910478 -0.0142539 3.5613e-17
5.28895e+10 -0.0907291 -0.014489 3.5613e-17
5.2921e+10 -0.0904088 -0.0147239 2.84904e-17
5.29526e+10 -0.0900871 -0.0149585 2.13678e-17
5.29841e+10 -0.0897639 -0.0151928 2.13678e-17
5.30157e+10 -0.0894391 -0.0154269 2.13678e-17
5.30472e+10 -0.0891129 -0.0156608 1.78065e-17
5.30788e+10 -0.0887851 -0.0158944 2.13678e-17
5.31104e+10 -0.0884558 -0.0161277 1.78065e-17
5.31419e+10 -0.0881249 -0.0163607 2.13678e-17
5.31735e+10 -0.0877925 -0.0165934 2.13678e-17
5.3205e+10 -0.0874585 -0.0168259 2.49291e-17
5.32366e+10 -0.087123 -0.017058 2.13678e-17
5.32681e+10 -0.0867859 -0.0172898 1.42452e-17
5.32997e+10 -0.0864471 -0.0175213 1.06839e-17
5.33312e+10 -0.0861068 -0.0177525 1.42452e-17
5.33628e+10 -0.0857649 -0.0179834 1.42452e-17
5.33944e+10 -0.0854214 -0.0182139 1.42452e-17
5.34259e+10 -0.0850762 -0.0184441 1.78065e-17
5.34575e+10 -0.0847294 -0.0186739 1.42452e-17
5.3489e+10 -0.084381 -0.0189033 1.78065e-17
5.35206e+10 -0.0840309 -0.0191324 1.42452e-17
5.35521e+10 -0.0836791 -0.0193611 1.78065e-17
5.35837e+10 -0.0833257 -0.0195894 2.13678e-17
5.36153e+10 -0.0829706 -0.0198173 1.78065e-17
5.36468e+10 -0.0826137 -0.0200448 2.13678e-17
5.36784e+10 -0.0822552 -0.0202719 2.13678e-17
5.37099e+10 -0.081895 -0.0204986 2.49291e-17
5.37415e+10 -0.081533 -0.0207249 2.13678e-17
5.3773e+10 -0.0811693 -0.0209507 2.84904e-17
5.38046e+10 -0.0808039 -0.021176 2.49291e-17
5.38362e+10 -0.0804366 -0.0214009 2.49291e-17
5.38677e+10 -0.0800677 -0.0216253 2.13678e-17
5.38993e+10 -0.0796969 -0.0218493 2.13678e-17
5.39308e+10 -0.0793244 -0.0220727 1.78065e-17
5.39624e+10 -0.07895 -0.0222957 2.13678e-17
5.39939e+10 -0.0785738 -0.0225181 2.13678e-17
5.40255e+10 -0.0781958 -0.02274 2.49291e-17
5.40571e+10 -0.077816 -0.0229614 2.84904e-17
5.40886e+10 -0.0774343 -0.0231822 2.84904e-17
5.41202e+10 -0.0770508 -0.0234025 2.49291e-17
5.41517e+10 -0.0766654 -0.0236222 2.13678e-17
5.41833e+10 -0.0762781 -0.0238413 2.84904e-17
5.42148e+10 -0.0758889 -0.0240599 2.49291e-17
5.42464e+10 -0.0754978 -0.0242778 2.13678e-17
5.4278e+10 -0.0751048 -0.0244951 2.84904e-17
5.43095e+10 -0.0747099 -0.0247118 2.13678e-17
5.43411e+10 -0.074313 -0.0249278 2.49291e-17
5.43726e+10 -0.0739141 -0.0251432 2.13678e-17
5.44042e+10 -0.0735133 -0.0253579 2.49291e-17
5.44357e+10 -0.0731105 -0.0255719 1.42452e-17
5.44673e+10 -0.0727057 -0.0257853 1.42452e-17
5.44989e+10 -0.0722989 -0.0259979 1.78065e-17
5.45304e+10 -0.0718901 -0.0262098 1.42452e-17
5.4562e+10 -0.0714792 -0.0264209 1.42452e-17
5.45935e+10 -0.0710663 -0.0266313 1.06839e-17
5.46251e+10 -0.0706514 -0.0268409 1.42452e-17
5.46566e+10 -0.0702343 -0.0270498 1.42452e-17
5.46882e+10 -0.0698152 -0.0272578 1.06839e-17
5.47198e+10 -0.0693939 -0.027465 1.06839e-17
5.47513e+10 -0.0689706 -0.0276714 1.06839e-17
5.47829e+10 -0.0685451 -0.0278769 7.12259e-18
5.48144e+10 -0.0681174 -0.0280815 1.06839e-17
5.4846e+10 -0.0676876 -0.0282853 1.06839e-17
5.48775e+10 -0.0672557 -0.0284881 1.06839e-17
5.49091e+10 -0.0668215 -0.02869 1.06839e-17
5.49407e+10 -0.0663852 -0.028891 1.06839e-17
5.49722e+10 -0.0659466 -0.029091 7.12259e-18
5.50038e+10 -0.0655058 -0.02929 3.5613e-18
5.50353e+10 -0.0650627 -0.029488 7.12259e-18
5.50669e+10 -0.0646174 -0.029685 0
5.50984e+10 -0.0641698 -0.0298809 3.5613e-18
5.513e+10 -0.0637199 -0.0300758 3.5613e-18
5.51616e+10 -0.0632676 -0.0302696 0
5.51931e+10 -0.0628131 -0.0304622 3.5613e-18
5.52247e+10 -0.0623562 -0.0306538 3.5613e-18
5.52562e+10 -0.061897 -0.0308441 7.12259e-18
5.52878e+10 -0.0614354 -0.0310333 1.78065e-18
5.53193e+10 -0.0609714 -0.0312213 3.5613e-18
5.53509e+10 -0.060505 -0.031408 1.78065e-18
5.53825e+10 -0.0600361 -0.0315935 5.34194e-18
5.5414e+10 -0.0595649 -0.0317777 1.78065e-18
5.54456e+10 -0.0590911 -0.0319606 0
5.54771e+10 -0.0586149 -0.0321422 -5.34194e-18
5.55087e+10 -0.0581363 -0.0323224 -3.5613e-18
5.55402e+10 -0.0576551 -0.0325012 -7.12259e-18
5.55718e+10 -0.0571714 -0.0326786 -1.78065e-18
5.56033e+10 -0.0566851 -0.0328545 -3.5613e-18
5.56349e+10 -0.0561963 -0.0330289 -5.34194e-18
5.56665e+10 -0.0557049 -0.0332019 -7.12259e-18
5.5698e+10 -0.0552109 -0.0333733 -1.06839e-17
5.57296e+10 -0.0547144 -0.0335431 -7.12259e-18
5.57611e+10 -0.0542152 -0.0337113 -3.5613e-18
5.57927e+10 -0.0537133 -0.0338778 -1.78065e-18
5.58242e+10 -0.0532088 -0.0340427 0
5.58558e+10 -0.0527016 -0.0342059 -3.5613e-18
5.58874e+10 -0.0521917 -0.0343673 -7.12259e-18
5.59189e+10 -0.0516791 -0.0345269 -7.12259e-18
5.59505e+10 -0.0511638 -0.0346848 -8.90324e-18
5.5982e+10 -0.0506457 -0.0348407 -8.90324e-18
5.60136e+10 -0.0501249 -0.0349947 -1.24645e-17
5.60451e+10 -0.0496013 -0.0351468 -8.90324e-18
5.60767e+10 -0.0490749 -0.035297 -1.06839e-17
5.61083e+10 -0.0485456 -0.0354451 -1.06839e-17
5.61398e+10 -0.0480135 -0.0355911 -8.90324e-18
5.61714e+10 -0.0474786 -0.035735 -8.90324e-18
5.62029e+10 -0.0469408 -0.0358767 -1.06839e-17
5.62345e+10 -0.0464001 -0.0360163 -8.90324e-18
5.6266e+10 -0.0458566 -0.0361536 -1.06839e-17
5.62976e+10 -0.04531 -0.0362885 -1.15742e-17
5.63292e+10 -0.0447606 -0.0364212 -8.90324e-18
5.63607e+10 -0.0442082 -0.0365514 -8.90324e-18
5.63923e+10 -0.0436528 -0.0366792 -7.12259e-18
5.64238e+10 -0.0430945 -0.0368044 -9.79356e-18
5.64554e+10 -0.0425331 -0.0369271 -9.79356e-18
5.64869e+10 -0.0419687 -0.0370472 -8.90324e-18
5.65185e+10 -0.0414013 -0.0371646 -9.79356e-18
5.65501e+10 -0.0408309 -0.0372793 -1.06839e-17
5.65816e+10 -0.0402573 -0.0373911 -1.15742e-17
5.66132e+10 -0.0396807 -0.0375001 -1.15742e-17
5.66447e+10 -0.039101 -0.0376062 -1.06839e-17
5.66763e+10 -0.0385182 -0.0377093 -1.06839e-17
5.67078e+10 -0.0379323 -0.0378093 -1.24645e-17
5.67394e+10 -0.0373432 -0.0379062 -1.24645e-17
5.6771e+10 -0.036751 -0.038 -1.29097e-17
5.68025e+10 -0.0361557 -0.0380904 -1.29097e-17
5.68341e+10 -0.0355572 -0.0381776 -1.1129e-17
5.68656e+10 -0.0349555 -0.0382613 -1.20194e-17
5.68972e+10 -0.0343506 -0.0383415 -1.1129e-17
5.69287e+10 -0.0337425 -0.0384182 -9.3484e-18
5.69603e+10 -0.0331312 -0.0384912 -1.1129e-17
5.69919e+10 -0.0325167 -0.0385605 -9.79356e-18
5.70234e+10 -0.031899 -0.038626 -9.3484e-18
5.7055e+10 -0.0312781 -0.0386876 -7.12259e-18
5.70865e+10 -0.030654 -0.0387452 -8.45808e-18
5.71181e+10 -0.0300266 -0.0387987 -8.79195e-18
5.71496e+10 -0.029396 -0.038848 -7.90163e-18
5.71812e+10 -0.0287622 -0.0388931 -8.17985e-18
5.72128e+10 -0.0281252 -0.0389339 -7.0113e-18
5.72443e+10 -0.0274849 -0.0389702 -6.09315e-18
5.72759e+10 -0.0268415 -0.0390019 -5.45323e-18
5.73074e+10 -0.0261948 -0.0390289 -5.67582e-18
5.7339e+10 -0.0255449 -0.0390512 -5.8984e-18
5.73705e+10 -0.0248918 -0.0390687 -6.45485e-18
5.74021e+10 -0.0242356 -0.0390811 -6.90001e-18
5.74337e+10 -0.0235762 -0.0390884 -7.34517e-18
5.74652e+10 -0.0229136 -0.0390906 -6.23227e-18
5.74968e+10 -0.022248 -0.0390874 -6.23227e-18
5.75283e+10 -0.0215792 -0.0390787 -7.56775e-18
5.75599e+10 -0.0209073 -0.0390645 -7.56775e-18
5.75914e+10 -0.0202325 -0.0390446 -8.45808e-18
5.7623e+10 -0.0195545 -0.0390188 -8.01292e-18
5.76546e+10 -0.0188736 -0.0389871 -8.45808e-18
5.76861e+10 -0.0181898 -0.0389493 -8.45808e-18
5.77177e+10 -0.017503 -0.0389053 -9.79356e-18
5.77492e+10 -0.0168134 -0.038855 -8.90324e-18
5.77808e+10 -0.016121 -0.0387981 -8.01292e-18
5.78123e+10 -0.0154258 -0.0387347 -8.01292e-18
5.78439e+10 -0.014728 -0.0386644 -8.90324e-18
5.78754e+10 -0.0140275 -0.0385872 -9.79356e-18
5.7907e+10 -0.0133244 -0.0385029 -8.90324e-18
5.79386e+10 -0.0126188 -0.0384115 -9.79356e-18
5.79701e+10 -0.0119108 -0.0383126 -1.06839e-17
5.80017e+10 -0.0112004 -0.0382062 -9.79356e-18
5.80332e+10 -0.0104879 -0.0380922 -1.06839e-17
5.80648e+10 -0.0097731 -0.0379703 -1.24645e-17
5.80963e+10 -0.00905629 -0.0378404 -1.33549e-17
5.81279e+10 -0.00833754 -0.0377024 -1.24645e-17
5.81595e+10 -0.00761694 -0.0375561 -1.15742e-17
5.8191e+10 -0.00689463 -0.0374013 -1.24645e-17
5.82226e+10 -0.00617073 -0.0372378 -1.06839e-17
5.82541e+10 -0.00544538 -0.0370656 -1.24645e-17
5.82857e+10 -0.00471871 -0.0368845 -1.06839e-17
5.83172e+10 -0.00399087 -0.0366943 -1.06839e-17
5.83488e+10 -0.00326203 -0.0364948 -8.90324e-18
5.83804e+10 -0.00253235 -0.0362858 -8.90324e-18
5.84119e+10 -0.001802 -0.0360674 -8.90324e-18
5.84435e+10 -0.00107117 -0.0358392 -7.12259e-18
5.8475e+10 -0.00034004 -0.0356011 -8.90324e-18
5.85066e+10 0.000391184 -0.0353531 -5.34194e-18
5.85381e+10 0.0011223 -0.0350949 -5.34194e-18
5.85697e+10 0.00185308 -0.0348264 -5.34194e-18
5.86013e+10 0.00258331 -0.0345475 -5.34194e-18
5.86328e+10 0.00331275 -0.0342581 -3.5613e-18
5.86644e+10 0.00404116 -0.033958 -3.5613e-18
5.86959e+10 0.00476829 -0.0336471 -3.5613e-18
5.87275e+10 0.00549388 -0.0333254 -5.34194e-18
5.8759e+10 0.00621766 -0.0329927 -7.12259e-18
5.87906e+10 0.00693935 -0.0326489 -3.5613e-18
5.88222e+10 0.00765868 -0.032294 -3.5613e-18
5.88537e+10 0.00837535 -0.0319279 -3.5613e-18
5.88853e+10 0.00908907 -0.0315506 -5.34194e-18
5.89168e+10 0.00979953 -0.0311619 -5.34194e-18
5.89484e+10 0.0105064 -0.0307619 -5.34194e-18
5.89799e+10 0.0112094 -0.0303505 -1.78065e-18
5.90115e+10 0.0119083 -0.0299278 -1.78065e-18
5.90431e+10 0.0126026 -0.0294937 0
5.90746e+10 0.013292 -0.0290483 -1.78065e-18
5.91062e+10 0.0139763 -0.0285915 0
5.91377e+10 0.0146551 -0.0281236 0
5.91693e+10 0.015328 -0.0276444 1.78065e-18
5.92008e+10 0.0159948 -0.0271541 0
5.92324e+10 0.0166551 -0.0266529 1.78065e-18
5.9264e+10 0.0173087 -0.0261407 1.78065e-18
5.92955e+10 0.017955 -0.0256178 3.5613e-18
5.93271e+10 0.018594 -0.0250842 0
5.93586e+10 0.0192252 -0.0245403 3.5613e-18
5.93902e+10 0.0198483 -0.023986 3.5613e-18
5.94217e+10 0.0204632 -0.0234217 3.5613e-18
5.94533e+10 0.0210693 -0.0228475 1.78065e-18
5.94849e+10 0.0216666 -0.0222636 0
5.95164e+10 0.0222547 -0.0216703 0
5.9548e+10 0.0228334 -0.0210678 0
5.95795e+10 0.0234025 -0.0204565 1.78065e-18
5.96111e+10 0.0239616 -0.0198365 3.5613e-18
5.96426e+10 0.0245107 -0.0192081 3.5613e-18
5.96742e+10 0.0250495 -0.0185717 1.78065e-18
5.97058e+10 0.0255777 -0.0179275 1.78065e-18
5.97373e+10 0.0260954 -0.0172758 3.5613e-18
5.97689e+10 0.0266022 -0.016617 1.78065e-18
5.98004e+10 0.0270981 -0.0159514 5.34194e-18
5.9832e+10 0.027583 -0.0152792 3.5613e-18
5.98635e+10 0.0280567 -0.0146009 7.12259e-18
5.98951e+10 0.0285191 -0.0139167 1.78065e-18
5.99267e+10 0.0289703 -0.013227 5.34194e-18
5.99582e+10 0.02941 -0.0125321 5.34194e-18
5.99898e+10 0.0298383 -0.0118323 7.12259e-18
6.00213e+10 0.0302552 -0.011128 8.90324e-18
6.00529e+10 0.0306607 -0.0104195 8.90324e-18
6.00844e+10 0.0310547 -0.00970708 1.24645e-17
6.0116e+10 0.0314372 -0.0089911 1.24645e-17
6.01476e+10 0.0318083 -0.00827185 1.06839e-17
6.01791e+10 0.0321681 -0.00754965 1.24645e-17
6.02107e+10 0.0325166 -0.00682479 1.24645e-17
6.02422e+10 0.0328538 -0.00609758 1.60258e-17
6.02738e+10 0.0331799 -0.00536829 1.60258e-17
6.03053e+10 0.0334948 -0.0046372 1.60258e-17
6.03369e+10 0.0337988 -0.0039046 1.24645e-17
6.03684e+10 0.0340919 -0.00317074 1.42452e-17
6.04e+10 0.0343743 -0.00243588 1.78065e-17
6.04316e+10 0.0346459 -0.00170026 2.13678e-17
6.04631e+10 0.0349071 -0.000964126 2.13678e-17
6.04947e+10 0.0351578 -0.000227704 2.31484e-17
6.05262e+10 0.0353983 0.000508784 2.31484e-17
6.05578e+10 0.0356287 0.00124513 2.49291e-17
6.05893e+10 0.0358491 0.00198112 2.49291e-17
6.06209e+10 0.0360596 0.00271657 2.67097e-17
6.06525e+10 0.0362605 0.00345129 2.49291e-17
6.0684e+10 0.0364519 0.00418511 2.31484e-17
6.07156e+10 0.0366339 0.00491785 2.49291e-17
6.07471e+10 0.0368067 0.00564936 2.67097e-17
6.07787e+10 0.0369705 0.00637948 2.49291e-17
6.08102e+10 0.0371254 0.00710806 2.49291e-17
6.08418e+10 0.0372716 0.00783498 3.0271e-17
6.08734e+10 0.0374092 0.0085601 2.84904e-17
6.09049e+10 0.0375385 0.0092833 3.0271e-17
6.09365e+10 0.0376594 0.0100045 3.0271e-17
6.0968e+10 0.0377724 0.0107235 2.84904e-17
6.09996e+10 0.0378774 0.0114402 3.38323e-17
6.10311e+10 0.0379746 0.0121547 2.84904e-17
6.10627e+10 0.0380643 0.0128667 2.84904e-17
6.10943e+10 0.0381465 0.0135761 3.0271e-17
6.11258e+10 0.0382214 0.014283 3.0271e-17
6.11574e+10 0.0382892 0.0149873 3.0271e-17
6.11889e+10 0.03835 0.0156887 3.20517e-17
6.12205e+10 0.0384039 0.0163874 3.0271e-17
6.1252e+10 0.0384512 0.0170833 3.20517e-17
6.12836e+10 0.0384919 0.0177762 3.20517e-17
6.13152e+10 0.0385262 0.0184661 3.20517e-17
6.13467e+10 0.0385543 0.0191531 3.5613e-17
6.13783e+10 0.0385762 0.019837 3.73936e-17
6.14098e+10 0.0385921 0.0205179 3.38323e-17
6.14414e+10 0.0386022 0.0211956 3.5613e-17
6.14729e+10 0.0386065 0.0218701 3.5613e-17
6.15045e+10 0.0386053 0.0225415 3.73936e-17
6.15361e+10 0.0385985 0.0232097 3.5613e-17
6.15676e+10 0.0385864 0.0238747 3.73936e-17
6.15992e+10 0.038569 0.0245364 3.5613e-17
6.16307e+10 0.0385466 0.0251949 3.73936e-17
6.16623e+10 0.0385191 0.0258501 3.91743e-17
6.16938e+10 0.0384867 0.026502 4.00646e-17
6.17254e+10 0.0384496 0.0271506 4.18452e-17
6.1757e+10 0.0384077 0.027796 3.91743e-17
6.17885e+10 0.0383613 0.028438 4.09549e-17
6.18201e+10 0.0383104 0.0290767 4.27356e-17
6.18516e+10 0.0382552 0.029712 4.09549e-17
6.18832e+10 0.0381957 0.0303441 4.09549e-17
6.19147e+10 0.038132 0.0309729 4.27356e-17
6.19463e+10 0.0380642 0.0315983 4.18452e-17
6.19779e+10 0.0379925 0.0322204 4.45162e-17
6.20094e+10 0.0379168 0.0328393 4.36259e-17
6.2041e+10 0.0378374 0.0334548 4.09549e-17
6.20725e+10 0.0377542 0.034067 4.18452e-17
6.21041e+10 0.0376674 0.0346759 3.91743e-17
6.21356e+10 0.037577 0.0352816 3.73936e-17
6.21672e+10 0.0374831 0.035884 4.09549e-17
6.21988e+10 0.0373858 0.0364831 4.00646e-17
6.22303e+10 0.0372852 0.037079 3.82839e-17
6.22619e+10 0.0371814 0.0376717 3.91743e-17
6.22934e+10 0.0370743 0.0382611 3.78388e-17
6.2325e+10 0.0369642 0.0388474 3.73936e-17
6.23565e+10 0.036851 0.0394304 3.65033e-17
6.23881e+10 0.0367349 0.0400102 3.51678e-17
6.24197e+10 0.0366158 0.0405869 3.60581e-17
6.24512e+10 0.0364939 0.0411605 3.60581e-17
6.24828e+10 0.0363692 0.0417309 3.47226e-17
6.25143e+10 0.0362418 0.0422981 3.24968e-17
6.25459e+10 0.0361118 0.0428623 3.33871e-17
6.25774e+10 0.0359791 0.0434234 3.11613e-17
6.2609e+10 0.0358439 0.0439814 3.33871e-17
6.26405e+10 0.0357062 0.0445364 3.36097e-17
6.26721e+10 0.035566 0.0450883 3.42775e-17
6.27037e+10 0.0354235 0.0456372 3.38323e-17
6.27352e+10 0.0352787 0.0461831 3.53904e-17
6.27668e+10 0.0351316 0.046726 3.50565e-17
6.27983e+10 0.0349822 0.0472659 3.41662e-17
6.28299e+10 0.0348307 0.0478029 3.75605e-17
6.28614e+10 0.034677 0.048337 3.45696e-17
6.2893e+10 0.0345212 0.0488682 3.58077e-17
6.29246e+10 0.0343634 0.0493964 3.34984e-17
6.29561e+10 0.0342036 0.0499218 3.45001e-17
6.29877e+10 0.0340418 0.0504443 3.24968e-17
6.30192e+10 0.0338782 0.050964 3.20517e-17
6.30508e+10 0.0337126 0.0514809 3.27194e-17
6.30823e+10 0.0335452 0.051995 3.7171e-17
6.31139e+10 0.033376 0.0525063 3.73936e-17
6.31455e+10 0.0332051 0.0530148 3.58355e-17
6.3177e+10 0.0330324 0.0535206 3.82839e-17
6.32086e+10 0.0328581 0.0540236 3.65033e-17
6.32401e+10 0.0326821 0.0545239 3.69484e-17
6.32717e+10 0.0325045 0.0550216 3.65033e-17
6.33032e+10 0.0323253 0.0555166 3.73936e-17
6.33348e+10 0.0321445 0.0560089 3.87291e-17
6.33664e+10 0.0319623 0.0564985 3.65033e-17
6.33979e+10 0.0317785 0.0569856 3.69484e-17
