DIM 3
BH_DATA
0 0 0
EVOLUTION_DATA
0 0.0386 0.0213 0
3.1557e+07 0.0386 0.0213 0
6.31139e+07 0.0386034 0.0219741 1.78065e-18
9.46709e+07 0.0386012 0.022645 0
1.26228e+08 0.0385936 0.0233128 0
1.57785e+08 0.0385806 0.0239773 1.78065e-18
1.89342e+08 0.0385624 0.0246385 1.78065e-18
2.20899e+08 0.0385391 0.0252965 1.78065e-18
2.52456e+08 0.0385108 0.0259512 1.78065e-18
2.84013e+08 0.0384776 0.0266027 3.5613e-18
3.1557e+08 0.0384397 0.0272508 8.90324e-19
3.47126e+08 0.038397 0.0278956 8.90324e-19
3.78683e+08 0.0383499 0.0285371 1.78065e-18
4.1024e+08 0.0382983 0.0291753 2.67097e-18
4.41797e+08 0.0382423 0.0298102 5.34194e-18
4.73354e+08 0.0381821 0.0304418 4.45162e-18
5.04911e+08 0.0381177 0.0310701 3.5613e-18
5.36468e+08 0.0380493 0.031695 5.34194e-18
5.68025e+08 0.0379768 0.0323167 4.45162e-18
5.99582e+08 0.0379005 0.032935 7.12259e-18
6.31139e+08 0.0378204 0.03355 7.12259e-18
6.62696e+08 0.0377366 0.0341618 6.23227e-18
6.94253e+08 0.0376492 0.0347702 8.01292e-18
7.2581e+08 0.0375582 0.0353754 8.90324e-18
7.57367e+08 0.0374637 0.0359773 6.23227e-18
7.88924e+08 0.0373659 0.0365759 7.12259e-18
8.20481e+08 0.0372647 0.0371714 5.34194e-18
8.52038e+08 0.0371603 0.0377635 8.01292e-18
8.83595e+08 0.0370527 0.0383525 9.3484e-18
9.15152e+08 0.0369421 0.0389382 8.90324e-18
9.46709e+08 0.0368284 0.0395208 8.90324e-18
9.78266e+08 0.0367117 0.0401002 8.45808e-18
1.00982e+09 0.0365921 0.0406764 7.56775e-18
1.04138e+09 0.0364697 0.0412494 8.45808e-18
1.07294e+09 0.0363446 0.0418193 8.01292e-18
1.10449e+09 0.0362167 0.0423861 1.02387e-17
1.13605e+09 0.0360861 0.0429499 4.89678e-18
1.16761e+09 0.035953 0.0435105 6.45485e-18
1.19916e+09 0.0358174 0.044068 6.45485e-18
1.23072e+09 0.0356792 0.0446225 5.56452e-18
1.26228e+09 0.0355387 0.045174 7.34517e-18
1.29384e+09 0.0353957 0.0457224 6.23227e-18
1.32539e+09 0.0352504 0.0462679 7.23388e-18
1.35695e+09 0.0351029 0.0468103 5.45323e-18
1.38851e+09 0.0349532 0.0473498 3.78388e-18
1.42006e+09 0.0348012 0.0478864 2.89355e-18
1.45162e+09 0.0346472 0.04842 2.57359e-19
1.48318e+09 0.034491 0.0489507 4.39597e-18
1.51473e+09 0.0343328 0.0494785 5.06372e-18
1.54629e+09 0.0341727 0.0500035 4.78549e-18
1.57785e+09 0.0340105 0.0505256 4.11775e-18
1.6094e+09 0.0338465 0.0510448 6.90001e-18
1.64096e+09 0.0336806 0.0515613 5.11936e-18
1.67252e+09 0.0335129 0.0520749 2.00323e-18
1.70408e+09 0.0333433 0.0525858 1.1129e-18
1.73563e+09 0.0331721 0.0530939 1.55807e-18
1.76719e+09 0.0329991 0.0535992 4.45162e-19
1.79875e+09 0.0328244 0.0541019 -8.90324e-19
1.8303e+09 0.0326481 0.0546018 0
1.86186e+09 0.0324702 0.055099 -2.22581e-18
1.89342e+09 0.0322907 0.0555936 1.78065e-18
1.92497e+09 0.0321097 0.0560855 8.90324e-19
1.95653e+09 0.0319271 0.0565747 1.33549e-18
1.98809e+09 0.0317431 0.0570614 2.67097e-18
2.01964e+09 0.0315576 0.0575454 2.67097e-18
2.0512e+09 0.0313708 0.0580269 3.5613e-18
2.08276e+09 0.0311825 0.0585058 2.67097e-18
2.11432e+09 0.0309929 0.0589822 2.67097e-18
2.14587e+09 0.0308019 0.059456 3.5613e-18
2.17743e+09 0.0306097 0.0599273 4.45162e-18
2.20899e+09 0.0304161 0.0603961 8.90324e-19
2.24054e+09 0.0302214 0.0608625 4.45162e-18
2.2721e+09 0.0300254 0.0613264 3.5613e-18
2.30366e+09 0.0298282 0.0617878 2.67097e-18
2.33521e+09 0.0296298 0.0622468 8.90324e-19
2.36677e+09 0.0294303 0.0627034 0
2.39833e+09 0.0292297 0.0631577 -8.90324e-19
2.42989e+09 0.0290279 0.0636095 0
2.46144e+09 0.0288251 0.064059 -8.90324e-19
2.493e+09 0.0286212 0.0645061 -8.90324e-19
2.52456e+09 0.0284163 0.0649509 -8.90324e-19
2.55611e+09 0.0282104 0.0653934 -3.5613e-18
2.58767e+09 0.0280035 0.0658336 -2.67097e-18
2.61923e+09 0.0277956 0.0662715 -3.5613e-18
2.65078e+09 0.0275868 0.0667072 -5.34194e-18
2.68234e+09 0.0273771 0.0671406 -7.12259e-18
2.7139e+09 0.0271664 0.0675717 -5.34194e-18
2.74545e+09 0.0269549 0.0680007 -8.90324e-18
2.77701e+09 0.0267424 0.0684274 -1.06839e-17
2.80857e+09 0.0265291 0.068852 -8.90324e-18
2.84013e+09 0.026315 0.0692744 -1.06839e-17
2.87168e+09 0.0261001 0.0696946 -1.06839e-17
2.90324e+09 0.0258843 0.0701127 -8.90324e-18
2.9348e+09 0.0256678 0.0705286 -8.90324e-18
2.96635e+09 0.0254505 0.0709425 -7.12259e-18
2.99791e+09 0.0252324 0.0713542 -7.12259e-18
3.02947e+09 0.0250136 0.0717639 -5.34194e-18
3.06102e+09 0.0247941 0.0721714 -5.34194e-18
3.09258e+09 0.0245739 0.0725769 -3.5613e-18
3.12414e+09 0.024353 0.0729804 -5.34194e-18
3.1557e+09 0.0241314 0.0733818 -7.12259e-18
3.18725e+09 0.0239091 0.0737812 -7.12259e-18
3.21881e+09 0.0236862 0.0741787 -7.12259e-18
3.25037e+09 0.0234627 0.0745741 -7.12259e-18
3.28192e+09 0.0232385 0.0749675 -1.06839e-17
3.31348e+09 0.0230137 0.075359 -1.06839e-17
3.34504e+09 0.0227883 0.0757485 -1.06839e-17
3.37659e+09 0.0225624 0.0761361 -1.24645e-17
3.40815e+09 0.0223359 0.0765217 -1.24645e-17
3.43971e+09 0.0221088 0.0769054 -1.42452e-17
3.47126e+09 0.0218811 0.0772873 -1.24645e-17
3.50282e+09 0.021653 0.0776672 -1.24645e-17
3.53438e+09 0.0214243 0.0780453 -1.06839e-17
3.56594e+09 0.0211951 0.0784214 -8.90324e-18
3.59749e+09 0.0209653 0.0787958 -8.90324e-18
3.62905e+09 0.0207351 0.0791683 -7.12259e-18
3.66061e+09 0.0205045 0.0795389 -8.90324e-18
3.69216e+09 0.0202733 0.0799078 -1.06839e-17
3.72372e+09 0.0200417 0.0802748 -1.06839e-17
3.75528e+09 0.0198096 0.08064 -1.24645e-17
3.78683e+09 0.0195771 0.0810035 -8.90324e-18
3.81839e+09 0.0193442 0.0813651 -7.12259e-18
3.84995e+09 0.0191109 0.081725 -5.34194e-18
3.88151e+09 0.0188771 0.0820832 -3.5613e-18
3.91306e+09 0.018643 0.0824396 -7.12259e-18
3.94462e+09 0.0184084 0.0827943 -3.5613e-18
3.97618e+09 0.0181735 0.0831472 -3.5613e-18
4.00773e+09 0.0179382 0.0834985 -7.12259e-18
4.03929e+09 0.0177025 0.083848 -3.5613e-18
4.07085e+09 0.0174665 0.0841959 -7.12259e-18
4.1024e+09 0.0172301 0.0845421 -7.12259e-18
4.13396e+09 0.0169934 0.0848866 -7.12259e-18
4.16552e+09 0.0167563 0.0852294 -1.06839e-17
4.19707e+09 0.016519 0.0855706 -1.06839e-17
4.22863e+09 0.0162813 0.0859102 -7.12259e-18
4.26019e+09 0.0160433 0.0862481 -1.06839e-17
4.29175e+09 0.015805 0.0865844 -7.12259e-18
4.3233e+09 0.0155664 0.0869191 -1.06839e-17
4.35486e+09 0.0153275 0.0872522 -1.06839e-17
4.38642e+09 0.0150884 0.0875837 -1.06839e-17
4.41797e+09 0.0148489 0.0879136 -1.06839e-17
4.44953e+09 0.0146092 0.088242 -1.06839e-17
4.48109e+09 0.0143693 0.0885687 -1.06839e-17
4.51264e+09 0.0141291 0.088894 -1.42452e-17
4.5442e+09 0.0138886 0.0892177 -7.12259e-18
4.57576e+09 0.0136479 0.0895398 -7.12259e-18
4.60731e+09 0.013407 0.0898604 -7.12259e-18
4.63887e+09 0.0131658 0.0901795 -7.12259e-18
4.67043e+09 0.0129245 0.0904971 -3.5613e-18
4.70199e+09 0.0126829 0.0908132 -7.12259e-18
4.73354e+09 0.0124411 0.0911278 -7.12259e-18
4.7651e+09 0.0121991 0.0914409 -3.5613e-18
4.79666e+09 0.0119569 0.0917525 -7.12259e-18
4.82821e+09 0.0117145 0.0920627 -7.12259e-18
4.85977e+09 0.0114719 0.0923714 -1.06839e-17
4.89133e+09 0.0112292 0.0926786 -7.12259e-18
4.92288e+09 0.0109862 0.0929844 -7.12259e-18
4.95444e+09 0.0107431 0.0932888 -1.42452e-17
4.986e+09 0.0104999 0.0935917 -7.12259e-18
5.01756e+09 0.0102564 0.0938932 -1.06839e-17
5.04911e+09 0.0100129 0.0941933 -7.12259e-18
5.08067e+09 0.00976913 0.094492 -1.06839e-17
5.11223e+09 0.00952526 0.0947893 -1.06839e-17
5.14378e+09 0.00928125 0.0950852 -1.42452e-17
5.17534e+09 0.0090371 0.0953797 -1.42452e-17
5.2069e+09 0.00879283 0.0956729 -1.06839e-17
5.23845e+09 0.00854842 0.0959647 -1.06839e-17
5.27001e+09 0.0083039 0.0962551 -1.78065e-17
5.30157e+09 0.00805926 0.0965441 -1.78065e-17
5.33312e+09 0.0078145 0.0968319 -1.06839e-17
5.36468e+09 0.00756964 0.0971182 -1.78065e-17
5.39624e+09 0.00732468 0.0974033 -1.06839e-17
5.4278e+09 0.00707961 0.097687 -1.06839e-17
5.45935e+09 0.00683445 0.0979694 -1.06839e-17
5.49091e+09 0.0065892 0.0982505 -1.06839e-17
5.52247e+09 0.00634386 0.0985303 -1.42452e-17
5.55402e+09 0.00609844 0.0988088 -1.78065e-17
5.58558e+09 0.00585293 0.099086 -1.42452e-17
5.61714e+09 0.00560735 0.0993619 -1.78065e-17
5.64869e+09 0.0053617 0.0996365 -2.13678e-17
5.68025e+09 0.00511598 0.0999098 -1.78065e-17
5.71181e+09 0.0048702 0.100182 -1.78065e-17
5.74337e+09 0.00462435 0.100453 -2.13678e-17
5.77492e+09 0.00437845 0.100722 -1.78065e-17
5.80648e+09 0.00413249 0.100991 -2.13678e-17
5.83804e+09 0.00388648 0.101258 -1.42452e-17
5.86959e+09 0.00364043 0.101524 -1.42452e-17
5.90115e+09 0.00339433 0.101788 -1.42452e-17
5.93271e+09 0.00314819 0.102052 -7.12259e-18
5.96426e+09 0.00290201 0.102314 -1.42452e-17
5.99582e+09 0.0026558 0.102575 -1.06839e-17
6.02738e+09 0.00240955 0.102835 -1.06839e-17
6.05893e+09 0.00216328 0.103093 -7.12259e-18
6.09049e+09 0.00191699 0.103351 -1.42452e-17
6.12205e+09 0.00167067 0.103607 -1.78065e-17
6.15361e+09 0.00142433 0.103862 -1.42452e-17
6.18516e+09 0.00117798 0.104116 -1.06839e-17
6.21672e+09 0.00093161 0.104368 -1.06839e-17
6.24828e+09 0.000685232 0.10462 -1.06839e-17
6.27983e+09 0.000438847 0.10487 -7.12259e-18
6.31139e+09 0.000192457 0.105119 -7.12259e-18
6.34295e+09 -5.39348e-05 0.105367 -7.12259e-18
6.3745e+09 -0.000300326 0.105614 -7.12259e-18
6.40606e+09 -0.000546714 0.10586 -7.12259e-18
6.43762e+09 -0.000793097 0.106105 -1.06839e-17
6.46918e+09 -0.00103947 0.106348 -1.06839e-17
6.50073e+09 -0.00128583 0.106591 -1.42452e-17
6.53229e+09 -0.00153218 0.106832 -1.42452e-17
6.56385e+09 -0.00177852 0.107072 -1.78065e-17
6.5954e+09 -0.00202483 0.107311 -2.13678e-17
6.62696e+09 -0.00227113 0.107549 -7.12259e-18
6.65852e+09 -0.0025174 0.107786 -1.42452e-17
6.69007e+09 -0.00276364 0.108022 -2.13678e-17
6.72163e+09 -0.00300986 0.108256 -2.13678e-17
6.75319e+09 -0.00325605 0.10849 -2.13678e-17
6.78474e+09 -0.0035022 0.108723 -1.42452e-17
6.8163e+09 -0.00374833 0.108954 -2.13678e-17
6.84786e+09 -0.00399441 0.109184 -1.42452e-17
6.87942e+09 -0.00424046 0.109414 -7.12259e-18
6.91097e+09 -0.00448646 0.109642 -1.42452e-17
6.94253e+09 -0.00473242 0.109869 -1.42452e-17
6.97409e+09 -0.00497834 0.110095 -1.42452e-17
7.00564e+09 -0.00522421 0.11032 -2.13678e-17
7.0372e+09 -0.00547003 0.110545 -1.42452e-17
7.06876e+09 -0.0057158 0.110768 -1.42452e-17
7.10031e+09 -0.00596151 0.11099 -1.42452e-17
7.13187e+09 -0.00620717 0.111211 -2.13678e-17
7.16343e+09 -0.00645278 0.111431 -1.42452e-17
7.19499e+09 -0.00669832 0.11165 -1.42452e-17
7.22654e+09 -0.00694381 0.111868 -1.42452e-17
7.2581e+09 -0.00718923 0.112084 -1.42452e-17
7.28966e+09 -0.00743459 0.1123 -2.13678e-17
7.32121e+09 -0.00767988 0.112515 -2.13678e-17
7.35277e+09 -0.0079251 0.112729 -2.13678e-17
7.38433e+09 -0.00817025 0.112942 -2.13678e-17
7.41588e+09 -0.00841534 0.113154 -1.42452e-17
7.44744e+09 -0.00866035 0.113365 -1.42452e-17
7.479e+09 -0.00890528 0.113575 -2.13678e-17
7.51055e+09 -0.00915014 0.113784 -2.13678e-17
7.54211e+09 -0.00939492 0.113992 -1.42452e-17
7.57367e+09 -0.00963962 0.114199 -1.42452e-17
7.60523e+09 -0.00988424 0.114406 -1.42452e-17
7.63678e+09 -0.0101288 0.114611 -2.13678e-17
7.66834e+09 -0.0103732 0.114815 -2.13678e-17
7.6999e+09 -0.0106176 0.115018 -7.12259e-18
7.73145e+09 -0.0108619 0.115221 -1.42452e-17
7.76301e+09 -0.0111061 0.115422 -1.42452e-17
7.79457e+09 -0.0113502 0.115622 -1.42452e-17
7.82612e+09 -0.0115942 0.115822 -7.12259e-18
7.85768e+09 -0.0118381 0.11602 -7.12259e-18
7.88924e+09 -0.0120819 0.116218 -1.42452e-17
7.92079e+09 -0.0123256 0.116415 -1.42452e-17
7.95235e+09 -0.0125693 0.116611 -2.13678e-17
7.98391e+09 -0.0128128 0.116805 -2.13678e-17
8.01547e+09 -0.0130562 0.116999 -7.12259e-18
8.04702e+09 -0.0132995 0.117193 -1.42452e-17
8.07858e+09 -0.0135428 0.117385 -1.42452e-17
8.11014e+09 -0.0137859 0.117576 -7.12259e-18
8.14169e+09 -0.0140289 0.117766 -7.12259e-18
8.17325e+09 -0.0142718 0.117956 -7.12259e-18
8.20481e+09 -0.0145146 0.118144 0
8.23636e+09 -0.0147573 0.118332 0
8.26792e+09 -0.0149999 0.118519 0
8.29948e+09 -0.0152423 0.118705 -7.12259e-18
8.33104e+09 -0.0154847 0.11889 -7.12259e-18
8.36259e+09 -0.0157269 0.119074 -7.12259e-18
8.39415e+09 -0.0159691 0.119257 -7.12259e-18
8.42571e+09 -0.0162111 0.11944 -7.12259e-18
8.45726e+09 -0.016453 0.119621 -7.12259e-18
8.48882e+09 -0.0166947 0.119802 -7.12259e-18
8.52038e+09 -0.0169364 0.119982 -7.12259e-18
8.55193e+09 -0.0171779 0.120161 -7.12259e-18
8.58349e+09 -0.0174193 0.120339 -1.42452e-17
8.61505e+09 -0.0176606 0.120516 -1.42452e-17
8.6466e+09 -0.0179018 0.120693 -7.12259e-18
8.67816e+09 -0.0181428 0.120868 -7.12259e-18
8.70972e+09 -0.0183837 0.121043 -1.42452e-17
8.74128e+09 -0.0186245 0.121217 -7.12259e-18
8.77283e+09 -0.0188652 0.12139 -1.42452e-17
8.80439e+09 -0.0191057 0.121562 -7.12259e-18
8.83595e+09 -0.0193461 0.121734 -7.12259e-18
8.8675e+09 -0.0195864 0.121904 -7.12259e-18
8.89906e+09 -0.0198265 0.122074 -7.12259e-18
8.93062e+09 -0.0200665 0.122243 0
8.96217e+09 -0.0203064 0.122411 -7.12259e-18
8.99373e+09 -0.0205461 0.122578 0
9.02529e+09 -0.0207857 0.122745 -7.12259e-18
9.05685e+09 -0.0210252 0.122911 0
9.0884e+09 -0.0212645 0.123075 -7.12259e-18
9.11996e+09 -0.0215037 0.12324 -7.12259e-18
9.15152e+09 -0.0217427 0.123403 -7.12259e-18
9.18307e+09 -0.0219817 0.123565 0
9.21463e+09 -0.0222204 0.123727 -7.12259e-18
9.24619e+09 -0.022459 0.123888 0
9.27774e+09 -0.0226975 0.124048 -7.12259e-18
9.3093e+09 -0.0229359 0.124208 -1.42452e-17
9.34086e+09 -0.0231741 0.124366 -1.42452e-17
9.37241e+09 -0.0234121 0.124524 0
9.40397e+09 -0.02365 0.124681 -7.12259e-18
9.43553e+09 -0.0238878 0.124837 -7.12259e-18
9.46709e+09 -0.0241254 0.124993 -7.12259e-18
9.49864e+09 -0.0243628 0.125147 -7.12259e-18
9.5302e+09 -0.0246001 0.125301 -7.12259e-18
9.56176e+09 -0.0248373 0.125455 -7.12259e-18
9.59331e+09 -0.0250743 0.125607 -7.12259e-18
9.62487e+09 -0.0253112 0.125759 -7.12259e-18
9.65643e+09 -0.0255479 0.125909 -7.12259e-18
9.68798e+09 -0.0257844 0.12606 -1.42452e-17
9.71954e+09 -0.0260208 0.126209 -1.42452e-17
9.7511e+09 -0.0262571 0.126358 -1.42452e-17
9.78266e+09 -0.0264932 0.126506 -1.42452e-17
9.81421e+09 -0.0267291 0.126653 -1.42452e-17
9.84577e+09 -0.0269649 0.126799 -2.84904e-17
9.87733e+09 -0.0272005 0.126945 -2.84904e-17
9.90888e+09 -0.027436 0.12709 -2.13678e-17
9.94044e+09 -0.0276713 0.127234 -2.13678e-17
9.972e+09 -0.0279064 0.127378 -2.13678e-17
1.00036e+10 -0.0281414 0.12752 -2.13678e-17
1.00351e+10 -0.0283762 0.127662 -2.84904e-17
1.00667e+10 -0.0286109 0.127804 -2.84904e-17
1.00982e+10 -0.0288454 0.127944 -2.84904e-17
1.01298e+10 -0.0290798 0.128084 -2.13678e-17
1.01613e+10 -0.0293139 0.128223 -1.42452e-17
1.01929e+10 -0.029548 0.128362 -2.13678e-17
1.02245e+10 -0.0297818 0.128499 -1.42452e-17
1.0256e+10 -0.0300155 0.128636 -7.12259e-18
1.02876e+10 -0.030249 0.128773 -2.13678e-17
1.03191e+10 -0.0304824 0.128908 -2.84904e-17
1.03507e+10 -0.0307156 0.129043 -2.13678e-17
1.03822e+10 -0.0309486 0.129177 -2.84904e-17
1.04138e+10 -0.0311814 0.129311 -2.84904e-17
1.04454e+10 -0.0314141 0.129444 -2.84904e-17
1.04769e+10 -0.0316467 0.129576 -3.5613e-17
1.05085e+10 -0.031879 0.129707 -2.84904e-17
1.054e+10 -0.0321112 0.129838 -2.84904e-17
1.05716e+10 -0.0323432 0.129968 -2.84904e-17
1.06031e+10 -0.032575 0.130097 -2.84904e-17
1.06347e+10 -0.0328067 0.130226 -3.5613e-17
1.06662e+10 -0.0330382 0.130354 -2.84904e-17
1.06978e+10 -0.0332695 0.130481 -3.5613e-17
1.07294e+10 -0.0335007 0.130608 -3.5613e-17
1.07609e+10 -0.0337317 0.130734 -2.84904e-17
1.07925e+10 -0.0339625 0.130859 -3.5613e-17
1.0824e+10 -0.0341931 0.130984 -3.5613e-17
1.08556e+10 -0.0344235 0.131108 -3.5613e-17
1.08871e+10 -0.0346538 0.131231 -2.84904e-17
1.09187e+10 -0.0348839 0.131353 -3.5613e-17
1.09503e+10 -0.0351139 0.131475 -3.5613e-17
1.09818e+10 -0.0353436 0.131597 -4.27356e-17
1.10134e+10 -0.0355732 0.131717 -4.27356e-17
1.10449e+10 -0.0358026 0.131837 -4.27356e-17
1.10765e+10 -0.0360318 0.131956 -2.84904e-17
1.1108e+10 -0.0362608 0.132075 -4.27356e-17
1.11396e+10 -0.0364897 0.132193 -2.84904e-17
1.11712e+10 -0.0367184 0.13231 -4.27356e-17
1.12027e+10 -0.0369469 0.132427 -4.27356e-17
1.12343e+10 -0.0371752 0.132543 -2.84904e-17
1.12658e+10 -0.0374033 0.132659 -3.5613e-17
1.12974e+10 -0.0376313 0.132773 -2.84904e-17
1.13289e+10 -0.0378591 0.132887 -3.5613e-17
1.13605e+10 -0.0380867 0.133001 -3.5613e-17
1.13921e+10 -0.0383141 0.133114 -3.5613e-17
1.14236e+10 -0.0385413 0.133226 -3.5613e-17
1.14552e+10 -0.0387684 0.133338 -3.5613e-17
1.14867e+10 -0.0389952 0.133449 -4.27356e-17
1.15183e+10 -0.0392219 0.133559 -4.27356e-17
1.15498e+10 -0.0394484 0.133669 -3.5613e-17
1.15814e+10 -0.0396747 0.133778 -3.5613e-17
1.1613e+10 -0.0399008 0.133886 -3.5613e-17
1.16445e+10 -0.0401268 0.133994 -2.84904e-17
1.16761e+10 -0.0403525 0.134101 -2.84904e-17
1.17076e+10 -0.0405781 0.134208 -2.13678e-17
1.17392e+10 -0.0408035 0.134314 -2.84904e-17
1.17707e+10 -0.0410287 0.134419 -2.13678e-17
1.18023e+10 -0.0412537 0.134524 -1.42452e-17
1.18339e+10 -0.0414785 0.134628 -1.42452e-17
1.18654e+10 -0.0417031 0.134731 -7.12259e-18
1.1897e+10 -0.0419276 0.134834 -2.13678e-17
1.19285e+10 -0.0421518 0.134936 -7.12259e-18
1.19601e+10 -0.0423759 0.135038 -7.12259e-18
1.19916e+10 -0.0425998 0.135139 -7.12259e-18
1.20232e+10 -0.0428234 0.13524 -2.13678e-17
1.20548e+10 -0.0430469 0.13534 -2.13678e-17
1.20863e+10 -0.0432702 0.135439 -7.12259e-18
1.21179e+10 -0.0434934 0.135537 -7.12259e-18
1.21494e+10 -0.0437163 0.135636 -2.13678e-17
1.2181e+10 -0.043939 0.135733 -1.42452e-17
1.22125e+10 -0.0441615 0.13583 -7.12259e-18
1.22441e+10 -0.0443839 0.135926 -2.13678e-17
1.22757e+10 -0.044606 0.136022 -1.42452e-17
1.23072e+10 -0.044828 0.136117 -7.12259e-18
1.23388e+10 -0.0450498 0.136212 -1.42452e-17
1.23703e+10 -0.0452713 0.136306 -2.84904e-17
1.24019e+10 -0.0454927 0.136399 -1.42452e-17
1.24334e+10 -0.0457139 0.136492 -2.13678e-17
1.2465e+10 -0.0459349 0.136584 -2.84904e-17
1.24966e+10 -0.0461557 0.136676 -2.13678e-17
1.25281e+10 -0.0463763 0.136767 -3.5613e-17
1.25597e+10 -0.0465967 0.136857 -2.84904e-17
1.25912e+10 -0.0468169 0.136947 -2.13678e-17
1.26228e+10 -0.0470369 0.137036 -2.84904e-17
1.26543e+10 -0.0472567 0.137125 -3.5613e-17
1.26859e+10 -0.0474764 0.137213 -2.84904e-17
1.27175e+10 -0.0476958 0.137301 -2.84904e-17
1.2749e+10 -0.047915 0.137388 -3.5613e-17
1.27806e+10 -0.048134 0.137474 -4.27356e-17
1.28121e+10 -0.0483529 0.13756 -4.27356e-17
1.28437e+10 -0.0485715 0.137646 -4.27356e-17
1.28752e+10 -0.0487899 0.13773 -4.98581e-17
1.29068e+10 -0.0490082 0.137815 -4.27356e-17
1.29384e+10 -0.0492262 0.137898 -4.27356e-17
1.29699e+10 -0.0494441 0.137981 -4.98581e-17
1.30015e+10 -0.0496617 0.138064 -6.41033e-17
1.3033e+10 -0.0498791 0.138146 -5.69807e-17
1.30646e+10 -0.0500964 0.138227 -5.69807e-17
1.30961e+10 -0.0503134 0.138308 -6.41033e-17
1.31277e+10 -0.0505303 0.138389 -5.69807e-17
1.31592e+10 -0.0507469 0.138468 -7.12259e-17
1.31908e+10 -0.0509634 0.138548 -5.69807e-17
1.32224e+10 -0.0511796 0.138626 -7.12259e-17
1.32539e+10 -0.0513956 0.138705 -6.41033e-17
1.32855e+10 -0.0516115 0.138782 -6.41033e-17
1.3317e+10 -0.0518271 0.138859 -6.41033e-17
1.33486e+10 -0.0520425 0.138936 -6.41033e-17
1.33801e+10 -0.0522578 0.139012 -7.12259e-17
1.34117e+10 -0.0524728 0.139087 -7.12259e-17
1.34433e+10 -0.0526876 0.139162 -6.41033e-17
1.34748e+10 -0.0529023 0.139237 -7.12259e-17
1.35064e+10 -0.0531167 0.13931 -7.83485e-17
1.35379e+10 -0.0533309 0.139384 -7.12259e-17
1.35695e+10 -0.0535449 0.139457 -6.41033e-17
1.3601e+10 -0.0537587 0.139529 -7.12259e-17
1.36326e+10 -0.0539723 0.139601 -7.12259e-17
1.36642e+10 -0.0541857 0.139672 -7.83485e-17
1.36957e+10 -0.0543989 0.139742 -7.12259e-17
1.37273e+10 -0.0546119 0.139813 -7.12259e-17
1.37588e+10 -0.0548247 0.139882 -7.12259e-17
1.37904e+10 -0.0550373 0.139951 -6.41033e-17
1.38219e+10 -0.0552497 0.14002 -7.83485e-17
1.38535e+10 -0.0554619 0.140088 -8.54711e-17
1.38851e+10 -0.0556738 0.140155 -8.54711e-17
1.39166e+10 -0.0558856 0.140222 -7.83485e-17
1.39482e+10 -0.0560971 0.140289 -9.25937e-17
1.39797e+10 -0.0563085 0.140355 -8.54711e-17
1.40113e+10 -0.0565196 0.14042 -9.97163e-17
1.40428e+10 -0.0567306 0.140485 -9.97163e-17
1.40744e+10 -0.0569413 0.14055 -9.25937e-17
1.4106e+10 -0.0571518 0.140614 -9.97163e-17
1.41375e+10 -0.0573621 0.140677 -9.97163e-17
1.41691e+10 -0.0575722 0.14074 -1.13961e-16
1.42006e+10 -0.0577821 0.140803 -9.97163e-17
1.42322e+10 -0.0579918 0.140864 -9.97163e-17
1.42637e+10 -0.0582013 0.140926 -9.97163e-17
1.42953e+10 -0.0584106 0.140987 -1.13961e-16
1.43269e+10 -0.0586197 0.141047 -1.13961e-16
1.43584e+10 -0.0588285 0.141107 -9.97163e-17
1.439e+10 -0.0590372 0.141166 -1.13961e-16
1.44215e+10 -0.0592456 0.141225 -1.13961e-16
1.44531e+10 -0.0594538 0.141284 -1.13961e-16
1.44846e+10 -0.0596619 0.141342 -1.13961e-16
1.45162e+10 -0.0598697 0.141399 -9.97163e-17
1.45478e+10 -0.0600773 0.141456 -1.13961e-16
1.45793e+10 -0.0602847 0.141512 -8.54711e-17
1.46109e+10 -0.0604918 0.141568 -1.13961e-16
1.46424e+10 -0.0606988 0.141624 -9.97163e-17
1.4674e+10 -0.0609056 0.141678 -1.13961e-16
1.47055e+10 -0.0611121 0.141733 -1.13961e-16
1.47371e+10 -0.0613185 0.141787 -1.13961e-16
1.47687e+10 -0.0615246 0.14184 -9.97163e-17
1.48002e+10 -0.0617305 0.141893 -1.13961e-16
1.48318e+10 -0.0619362 0.141946 -9.97163e-17
1.48633e+10 -0.0621417 0.141998 -1.13961e-16
1.48949e+10 -0.062347 0.142049 -9.97163e-17
1.49264e+10 -0.0625521 0.1421 -1.13961e-16
1.4958e+10 -0.0627569 0.142151 -1.13961e-16
1.49896e+10 -0.0629616 0.142201 -1.13961e-16
1.50211e+10 -0.063166 0.142251 -1.13961e-16
1.50527e+10 -0.0633702 0.1423 -9.97163e-17
1.50842e+10 -0.0635743 0.142348 -1.13961e-16
1.51158e+10 -0.0637781 0.142396 -8.54711e-17
1.51473e+10 -0.0639816 0.142444 -9.97163e-17
1.51789e+10 -0.064185 0.142491 -9.97163e-17
1.52105e+10 -0.0643882 0.142538 -9.97163e-17
1.5242e+10 -0.0645911 0.142584 -9.97163e-17
1.52736e+10 -0.0647938 0.14263 -9.97163e-17
1.53051e+10 -0.0649964 0.142676 -9.97163e-17
1.53367e+10 -0.0651987 0.14272 -8.54711e-17
1.53682e+10 -0.0654008 0.142765 -8.54711e-17
1.53998e+10 -0.0656026 0.142809 -8.54711e-17
1.54313e+10 -0.0658043 0.142852 -8.54711e-17
1.54629e+10 -0.0660057 0.142895 -8.54711e-17
1.54945e+10 -0.066207 0.142938 -8.54711e-17
1.5526e+10 -0.066408 0.14298 -8.54711e-17
1.55576e+10 -0.0666088 0.143021 -8.54711e-17
1.55891e+10 -0.0668094 0.143062 -5.69807e-17
1.56207e+10 -0.0670097 0.143103 -7.12259e-17
1.56522e+10 -0.0672099 0.143143 -8.54711e-17
1.56838e+10 -0.0674098 0.143183 -7.12259e-17
1.57154e+10 -0.0676096 0.143222 -8.54711e-17
1.57469e+10 -0.0678091 0.143261 -8.54711e-17
1.57785e+10 -0.0680084 0.1433 -8.54711e-17
1.581e+10 -0.0682074 0.143337 -8.54711e-17
1.58416e+10 -0.0684063 0.143375 -8.54711e-17
1.58731e+10 -0.068605 0.143412 -7.12259e-17
1.59047e+10 -0.0688034 0.143449 -7.12259e-17
1.59363e+10 -0.0690016 0.143485 -7.12259e-17
1.59678e+10 -0.0691996 0.14352 -8.54711e-17
1.59994e+10 -0.0693974 0.143556 -8.54711e-17
1.60309e+10 -0.0695949 0.14359 -8.54711e-17
1.60625e+10 -0.0697923 0.143625 -7.12259e-17
1.6094e+10 -0.0699894 0.143658 -8.54711e-17
1.61256e+10 -0.0701863 0.143692 -8.54711e-17
1.61572e+10 -0.070383 0.143725 -8.54711e-17
1.61887e+10 -0.0705795 0.143757 -9.97163e-17
1.62203e+10 -0.0707757 0.143789 -1.13961e-16
1.62518e+10 -0.0709717 0.143821 -9.97163e-17
1.62834e+10 -0.0711676 0.143852 -9.97163e-17
1.63149e+10 -0.0713632 0.143883 -9.97163e-17
1.63465e+10 -0.0715585 0.143913 -9.97163e-17
1.63781e+10 -0.0717537 0.143943 -1.13961e-16
1.64096e+10 -0.0719487 0.143973 -9.97163e-17
1.64412e+10 -0.0721434 0.144002 -1.13961e-16
1.64727e+10 -0.0723379 0.14403 -9.97163e-17
1.65043e+10 -0.0725322 0.144058 -1.13961e-16
1.65358e+10 -0.0727262 0.144086 -9.97163e-17
1.65674e+10 -0.0729201 0.144113 -9.97163e-17
1.6599e+10 -0.0731137 0.14414 -1.13961e-16
1.66305e+10 -0.0733071 0.144167 -1.13961e-16
1.66621e+10 -0.0735003 0.144193 -1.13961e-16
1.66936e+10 -0.0736933 0.144218 -1.13961e-16
1.67252e+10 -0.073886 0.144243 -9.97163e-17
1.67567e+10 -0.0740786 0.144268 -9.97163e-17
1.67883e+10 -0.0742709 0.144292 -1.13961e-16
1.68199e+10 -0.074463 0.144316 -9.97163e-17
1.68514e+10 -0.0746548 0.144339 -9.97163e-17
1.6883e+10 -0.0748465 0.144362 -9.97163e-17
1.69145e+10 -0.0750379 0.144385 -9.97163e-17
1.69461e+10 -0.0752291 0.144407 -1.13961e-16
1.69776e+10 -0.0754201 0.144429 -9.97163e-17
1.70092e+10 -0.0756109 0.14445 -9.97163e-17
1.70408e+10 -0.0758014 0.144471 -9.97163e-17
1.70723e+10 -0.0759917 0.144491 -1.28207e-16
1.71039e+10 -0.0761818 0.144511 -1.13961e-16
1.71354e+10 -0.0763717 0.144531 -1.13961e-16
1.7167e+10 -0.0765613 0.14455 -1.13961e-16
1.71985e+10 -0.0767508 0.144569 -1.13961e-16
1.72301e+10 -0.07694 0.144587 -9.97163e-17
1.72617e+10 -0.077129 0.144605 -1.28207e-16
1.72932e+10 -0.0773178 0.144622 -1.28207e-16
1.73248e+10 -0.0775063 0.144639 -1.28207e-16
1.73563e+10 -0.0776946 0.144656 -1.42452e-16
1.73879e+10 -0.0778827 0.144672 -1.28207e-16
1.74194e+10 -0.0780706 0.144688 -1.42452e-16
1.7451e+10 -0.0782583 0.144703 -1.56697e-16
1.74826e+10 -0.0784457 0.144718 -1.56697e-16
1.75141e+10 -0.0786329 0.144733 -1.42452e-16
1.75457e+10 -0.0788199 0.144747 -1.56697e-16
1.75772e+10 -0.0790066 0.144761 -1.42452e-16
1.76088e+10 -0.0791932 0.144774 -1.56697e-16
1.76403e+10 -0.0793795 0.144787 -1.56697e-16
1.76719e+10 -0.0795656 0.1448 -1.56697e-16
1.77035e+10 -0.0797515 0.144812 -1.42452e-16
1.7735e+10 -0.0799371 0.144824 -1.42452e-16
1.77666e+10 -0.0801225 0.144835 -1.42452e-16
1.77981e+10 -0.0803077 0.144846 -1.42452e-16
1.78297e+10 -0.0804927 0.144856 -1.56697e-16
1.78612e+10 -0.0806774 0.144866 -1.42452e-16
1.78928e+10 -0.080862 0.144876 -1.42452e-16
1.79243e+10 -0.0810463 0.144885 -1.28207e-16
1.79559e+10 -0.0812303 0.144894 -1.56697e-16
1.79875e+10 -0.0814142 0.144903 -1.56697e-16
1.8019e+10 -0.0815978 0.144911 -1.56697e-16
1.80506e+10 -0.0817812 0.144919 -1.70942e-16
1.80821e+10 -0.0819644 0.144926 -1.56697e-16
1.81137e+10 -0.0821473 0.144933 -1.56697e-16
1.81452e+10 -0.08233 0.144939 -1.56697e-16
1.81768e+10 -0.0825125 0.144945 -1.56697e-16
1.82084e+10 -0.0826948 0.144951 -1.56697e-16
1.82399e+10 -0.0828769 0.144956 -1.56697e-16
1.82715e+10 -0.0830587 0.144961 -1.56697e-16
1.8303e+10 -0.0832403 0.144966 -1.70942e-16
1.83346e+10 -0.0834216 0.14497 -1.56697e-16
1.83661e+10 -0.0836028 0.144974 -1.85187e-16
1.83977e+10 -0.0837837 0.144977 -1.56697e-16
1.84293e+10 -0.0839644 0.14498 -1.70942e-16
1.84608e+10 -0.0841449 0.144983 -1.56697e-16
1.84924e+10 -0.0843251 0.144985 -1.70942e-16
1.85239e+10 -0.0845051 0.144987 -1.56697e-16
1.85555e+10 -0.0846849 0.144988 -1.70942e-16
1.8587e+10 -0.0848644 0.144989 -1.56697e-16
1.86186e+10 -0.0850438 0.14499 -1.56697e-16
1.86502e+10 -0.0852229 0.14499 -1.56697e-16
1.86817e+10 -0.0854018 0.14499 -1.70942e-16
1.87133e+10 -0.0855804 0.144989 -1.70942e-16
1.87448e+10 -0.0857588 0.144988 -1.56697e-16
1.87764e+10 -0.085937 0.144987 -1.70942e-16
1.88079e+10 -0.086115 0.144985 -1.70942e-16
1.88395e+10 -0.0862927 0.144983 -1.56697e-16
1.88711e+10 -0.0864702 0.144981 -1.70942e-16
1.89026e+10 -0.0866475 0.144978 -1.56697e-16
1.89342e+10 -0.0868246 0.144975 -1.56697e-16
1.89657e+10 -0.0870014 0.144971 -1.70942e-16
1.89973e+10 -0.087178 0.144967 -1.56697e-16
1.90288e+10 -0.0873544 0.144963 -1.70942e-16
1.90604e+10 -0.0875305 0.144958 -1.70942e-16
1.9092e+10 -0.0877064 0.144953 -1.56697e-16
1.91235e+10 -0.0878821 0.144947 -1.56697e-16
1.91551e+10 -0.0880575 0.144941 -1.56697e-16
1.91866e+10 -0.0882328 0.144935 -1.56697e-16
1.92182e+10 -0.0884078 0.144929 -1.70942e-16
1.92497e+10 -0.0885825 0.144922 -1.70942e-16
1.92813e+10 -0.0887571 0.144914 -1.70942e-16
1.93129e+10 -0.0889314 0.144906 -1.70942e-16
1.93444e+10 -0.0891054 0.144898 -1.70942e-16
1.9376e+10 -0.0892793 0.14489 -1.70942e-16
1.94075e+10 -0.0894529 0.144881 -1.70942e-16
1.94391e+10 -0.0896263 0.144872 -1.85187e-16
1.94706e+10 -0.0897995 0.144862 -1.70942e-16
1.95022e+10 -0.0899724 0.144852 -1.85187e-16
1.95338e+10 -0.0901451 0.144842 -1.85187e-16
1.95653e+10 -0.0903176 0.144831 -1.85187e-16
1.95969e+10 -0.0904898 0.14482 -1.85187e-16
1.96284e+10 -0.0906618 0.144808 -1.70942e-16
1.966e+10 -0.0908336 0.144796 -1.85187e-16
1.96915e+10 -0.0910051 0.144784 -1.85187e-16
1.97231e+10 -0.0911764 0.144772 -1.85187e-16
1.97547e+10 -0.0913475 0.144759 -1.85187e-16
1.97862e+10 -0.0915184 0.144745 -1.85187e-16
1.98178e+10 -0.091689 0.144732 -1.85187e-16
1.98493e+10 -0.0918594 0.144718 -1.85187e-16
1.98809e+10 -0.0920296 0.144703 -1.85187e-16
1.99124e+10 -0.0921995 0.144689 -1.85187e-16
1.9944e+10 -0.0923692 0.144673 -1.85187e-16
1.99756e+10 -0.0925387 0.144658 -1.99433e-16
2.00071e+10 -0.0927079 0.144642 -1.99433e-16
2.00387e+10 -0.0928769 0.144626 -1.70942e-16
2.00702e+10 -0.0930457 0.144609 -1.99433e-16
2.01018e+10 -0.0932142 0.144592 -1.85187e-16
2.01333e+10 -0.0933825 0.144575 -1.85187e-16
2.01649e+10 -0.0935506 0.144557 -1.70942e-16
2.01964e+10 -0.0937184 0.144539 -1.85187e-16
2.0228e+10 -0.093886 0.144521 -1.70942e-16
2.02596e+10 -0.0940534 0.144502 -1.85187e-16
2.02911e+10 -0.0942205 0.144483 -1.70942e-16
2.03227e+10 -0.0943875 0.144464 -1.70942e-16
2.03542e+10 -0.0945541 0.144444 -1.70942e-16
2.03858e+10 -0.0947206 0.144424 -1.70942e-16
2.04173e+10 -0.0948868 0.144403 -1.85187e-16
2.04489e+10 -0.0950528 0.144382 -1.85187e-16
2.04805e+10 -0.0952185 0.144361 -1.70942e-16
2.0512e+10 -0.095384 0.14434 -1.70942e-16
2.05436e+10 -0.0955493 0.144318 -1.85187e-16
2.05751e+10 -0.0957143 0.144295 -1.70942e-16
2.06067e+10 -0.0958791 0.144273 -1.70942e-16
2.06382e+10 -0.0960437 0.14425 -1.70942e-16
2.06698e+10 -0.0962081 0.144226 -1.85187e-16
2.07014e+10 -0.0963722 0.144203 -1.70942e-16
2.07329e+10 -0.096536 0.144179 -1.70942e-16
2.07645e+10 -0.0966997 0.144154 -1.70942e-16
2.0796e+10 -0.0968631 0.144129 -1.70942e-16
2.08276e+10 -0.0970263 0.144104 -1.56697e-16
2.08591e+10 -0.0971892 0.144079 -1.70942e-16
2.08907e+10 -0.0973519 0.144053 -1.70942e-16
2.09223e+10 -0.0975144 0.144027 -1.85187e-16
2.09538e+10 -0.0976766 0.144 -1.56697e-16
2.09854e+10 -0.0978386 0.143974 -1.70942e-16
2.10169e+10 -0.0980003 0.143946 -1.56697e-16
2.10485e+10 -0.0981619 0.143919 -1.70942e-16
2.108e+10 -0.0983232 0.143891 -1.70942e-16
2.11116e+10 -0.0984842 0.143863 -1.70942e-16
2.11432e+10 -0.098645 0.143834 -1.70942e-16
2.11747e+10 -0.0988056 0.143805 -1.85187e-16
2.12063e+10 -0.098966 0.143776 -1.70942e-16
2.12378e+10 -0.0991261 0.143747 -1.85187e-16
2.12694e+10 -0.0992859 0.143717 -1.85187e-16
2.13009e+10 -0.0994456 0.143686 -1.85187e-16
2.13325e+10 -0.099605 0.143656 -1.70942e-16
2.13641e+10 -0.0997641 0.143625 -1.85187e-16
2.13956e+10 -0.0999231 0.143593 -1.70942e-16
2.14272e+10 -0.100082 0.143562 -1.70942e-16
2.14587e+10 -0.10024 0.14353 -1.56697e-16
2.14903e+10 -0.100398 0.143498 -1.70942e-16
2.15218e+10 -0.100556 0.143465 -1.70942e-16
2.15534e+10 -0.100714 0.143432 -1.70942e-16
2.1585e+10 -0.100872 0.143399 -1.70942e-16
2.16165e+10 -0.101029 0.143365 -1.70942e-16
2.16481e+10 -0.101186 0.143331 -1.56697e-16
2.16796e+10 -0.101343 0.143297 -1.70942e-16
2.17112e+10 -0.101499 0.143262 -1.56697e-16
2.17427e+10 -0.101656 0.143227 -1.85187e-16
2.17743e+10 -0.101812 0.143191 -1.85187e-16
2.18059e+10 -0.101968 0.143156 -1.70942e-16
2.18374e+10 -0.102123 0.14312 -1.70942e-16
2.1869e+10 -0.102279 0.143083 -1.85187e-16
2.19005e+10 -0.102434 0.143047 -1.70942e-16
2.19321e+10 -0.102589 0.14301 -1.70942e-16
2.19636e+10 -0.102743 0.142972 -1.99433e-16
2.19952e+10 -0.102898 0.142935 -1.85187e-16
2.20268e+10 -0.103052 0.142897 -1.85187e-16
2.20583e+10 -0.103206 0.142858 -1.85187e-16
2.20899e+10 -0.103359 0.14282 -1.85187e-16
2.21214e+10 -0.103513 0.142781 -1.85187e-16
2.2153e+10 -0.103666 0.142741 -1.85187e-16
2.21845e+10 -0.103819 0.142702 -1.85187e-16
2.22161e+10 -0.103972 0.142662 -1.99433e-16
2.22477e+10 -0.104124 0.142621 -1.85187e-16
2.22792e+10 -0.104277 0.142581 -1.85187e-16
2.23108e+10 -0.104429 0.14254 -1.99433e-16
2.23423e+10 -0.10458 0.142498 -1.99433e-16
2.23739e+10 -0.104732 0.142457 -1.85187e-16
2.24054e+10 -0.104883 0.142415 -1.85187e-16
2.2437e+10 -0.105034 0.142372 -1.85187e-16
2.24685e+10 -0.105185 0.14233 -1.85187e-16
2.25001e+10 -0.105336 0.142287 -1.85187e-16
2.25317e+10 -0.105486 0.142244 -1.99433e-16
2.25632e+10 -0.105636 0.1422 -1.99433e-16
2.25948e+10 -0.105786 0.142156 -2.13678e-16
2.26263e+10 -0.105935 0.142112 -2.13678e-16
2.26579e+10 -0.106085 0.142067 -2.27923e-16
2.26894e+10 -0.106234 0.142022 -1.99433e-16
2.2721e+10 -0.106383 0.141977 -2.27923e-16
2.27526e+10 -0.106531 0.141932 -1.99433e-16
2.27841e+10 -0.10668 0.141886 -2.13678e-16
2.28157e+10 -0.106828 0.14184 -1.99433e-16
2.28472e+10 -0.106976 0.141793 -1.99433e-16
2.28788e+10 -0.107124 0.141746 -2.13678e-16
2.29103e+10 -0.107271 0.141699 -2.13678e-16
2.29419e+10 -0.107418 0.141652 -2.13678e-16
2.29735e+10 -0.107565 0.141604 -2.13678e-16
2.3005e+10 -0.107712 0.141556 -2.13678e-16
2.30366e+10 -0.107858 0.141507 -2.13678e-16
2.30681e+10 -0.108005 0.141459 -2.27923e-16
2.30997e+10 -0.108151 0.141409 -2.27923e-16
2.31312e+10 -0.108296 0.14136 -2.13678e-16
2.31628e+10 -0.108442 0.14131 -2.27923e-16
2.31944e+10 -0.108587 0.14126 -2.42168e-16
2.32259e+10 -0.108732 0.14121 -2.27923e-16
2.32575e+10 -0.108877 0.141159 -2.13678e-16
2.3289e+10 -0.109021 0.141108 -2.13678e-16
2.33206e+10 -0.109166 0.141057 -2.13678e-16
2.33521e+10 -0.10931 0.141006 -2.13678e-16
2.33837e+10 -0.109453 0.140954 -2.13678e-16
2.34153e+10 -0.109597 0.140901 -2.13678e-16
2.34468e+10 -0.10974 0.140849 -2.13678e-16
2.34784e+10 -0.109883 0.140796 -2.13678e-16
2.35099e+10 -0.110026 0.140743 -2.27923e-16
2.35415e+10 -0.110169 0.140689 -2.13678e-16
2.3573e+10 -0.110311 0.140636 -2.27923e-16
2.36046e+10 -0.110453 0.140582 -2.27923e-16
2.36362e+10 -0.110595 0.140527 -2.42168e-16
2.36677e+10 -0.110736 0.140472 -2.27923e-16
2.36993e+10 -0.110878 0.140417 -2.27923e-16
2.37308e+10 -0.111019 0.140362 -2.42168e-16
2.37624e+10 -0.11116 0.140306 -2.13678e-16
2.37939e+10 -0.1113 0.14025 -1.99433e-16
2.38255e+10 -0.111441 0.140194 -2.27923e-16
2.38571e+10 -0.111581 0.140138 -2.13678e-16
2.38886e+10 -0.111721 0.140081 -2.13678e-16
2.39202e+10 -0.11186 0.140023 -2.27923e-16
2.39517e+10 -0.112 0.139966 -2.27923e-16
2.39833e+10 -0.112139 0.139908 -2.42168e-16
2.40148e+10 -0.112278 0.13985 -2.56413e-16
2.40464e+10 -0.112416 0.139792 -2.42168e-16
2.4078e+10 -0.112555 0.139733 -2.42168e-16
2.41095e+10 -0.112693 0.139674 -2.42168e-16
2.41411e+10 -0.112831 0.139614 -2.42168e-16
2.41726e+10 -0.112968 0.139555 -2.42168e-16
2.42042e+10 -0.113106 0.139495 -2.42168e-16
2.42357e+10 -0.113243 0.139435 -2.27923e-16
2.42673e+10 -0.11338 0.139374 -2.42168e-16
2.42989e+10 -0.113516 0.139313 -2.27923e-16
2.43304e+10 -0.113653 0.139252 -2.27923e-16
2.4362e+10 -0.113789 0.13919 -2.27923e-16
2.43935e+10 -0.113925 0.139129 -2.27923e-16
2.44251e+10 -0.114061 0.139066 -2.13678e-16
2.44566e+10 -0.114196 0.139004 -2.13678e-16
2.44882e+10 -0.114331 0.138941 -2.27923e-16
2.45198e+10 -0.114466 0.138878 -1.99433e-16
2.45513e+10 -0.114601 0.138815 -2.27923e-16
2.45829e+10 -0.114735 0.138751 -2.27923e-16
2.46144e+10 -0.114869 0.138688 -2.27923e-16
2.4646e+10 -0.115003 0.138623 -2.13678e-16
2.46775e+10 -0.115137 0.138559 -2.13678e-16
2.47091e+10 -0.11527 0.138494 -2.13678e-16
2.47407e+10 -0.115403 0.138429 -2.13678e-16
2.47722e+10 -0.115536 0.138363 -2.27923e-16
2.48038e+10 -0.115669 0.138298 -2.27923e-16
2.48353e+10 -0.115801 0.138232 -2.27923e-16
2.48669e+10 -0.115934 0.138165 -2.27923e-16
2.48984e+10 -0.116065 0.138099 -2.27923e-16
2.493e+10 -0.116197 0.138032 -2.27923e-16
2.49615e+10 -0.116329 0.137965 -2.13678e-16
2.49931e+10 -0.11646 0.137897 -2.27923e-16
2.50247e+10 -0.116591 0.137829 -2.13678e-16
2.50562e+10 -0.116721 0.137761 -1.99433e-16
2.50878e+10 -0.116852 0.137693 -2.13678e-16
2.51193e+10 -0.116982 0.137624 -2.13678e-16
2.51509e+10 -0.117112 0.137555 -2.13678e-16
2.51824e+10 -0.117241 0.137486 -2.13678e-16
2.5214e+10 -0.117371 0.137416 -1.99433e-16
2.52456e+10 -0.1175 0.137346 -1.99433e-16
2.52771e+10 -0.117629 0.137276 -1.99433e-16
2.53087e+10 -0.117757 0.137206 -1.99433e-16
2.53402e+10 -0.117886 0.137135 -1.99433e-16
2.53718e+10 -0.118014 0.137064 -1.85187e-16
2.54033e+10 -0.118142 0.136993 -1.85187e-16
2.54349e+10 -0.118269 0.136921 -1.99433e-16
2.54665e+10 -0.118397 0.136849 -1.99433e-16
2.5498e+10 -0.118524 0.136777 -1.85187e-16
2.55296e+10 -0.118651 0.136704 -1.85187e-16
2.55611e+10 -0.118777 0.136631 -1.85187e-16
2.55927e+10 -0.118904 0.136558 -1.70942e-16
2.56242e+10 -0.11903 0.136485 -1.85187e-16
2.56558e+10 -0.119156 0.136411 -1.85187e-16
2.56874e+10 -0.119281 0.136337 -1.70942e-16
2.57189e+10 -0.119407 0.136263 -1.70942e-16
2.57505e+10 -0.119532 0.136188 -1.56697e-16
2.5782e+10 -0.119657 0.136114 -1.70942e-16
2.58136e+10 -0.119781 0.136038 -1.56697e-16
2.58451e+10 -0.119906 0.135963 -1.70942e-16
2.58767e+10 -0.12003 0.135887 -1.56697e-16
2.59083e+10 -0.120153 0.135811 -1.56697e-16
2.59398e+10 -0.120277 0.135735 -1.56697e-16
2.59714e+10 -0.1204 0.135658 -1.56697e-16
2.60029e+10 -0.120523 0.135581 -1.56697e-16
2.60345e+10 -0.120646 0.135504 -1.56697e-16
2.6066e+10 -0.120769 0.135427 -1.56697e-16
2.60976e+10 -0.120891 0.135349 -1.70942e-16
2.61292e+10 -0.121013 0.135271 -1.56697e-16
2.61607e+10 -0.121135 0.135193 -1.56697e-16
2.61923e+10 -0.121256 0.135114 -1.56697e-16
2.62238e+10 -0.121377 0.135035 -1.42452e-16
2.62554e+10 -0.121498 0.134956 -1.42452e-16
2.62869e+10 -0.121619 0.134877 -1.42452e-16
2.63185e+10 -0.12174 0.134797 -1.56697e-16
2.63501e+10 -0.12186 0.134717 -1.56697e-16
2.63816e+10 -0.12198 0.134637 -1.56697e-16
2.64132e+10 -0.1221 0.134556 -1.42452e-16
2.64447e+10 -0.122219 0.134475 -1.56697e-16
2.64763e+10 -0.122338 0.134394 -1.42452e-16
2.65078e+10 -0.122457 0.134312 -1.42452e-16
2.65394e+10 -0.122576 0.134231 -1.56697e-16
2.6571e+10 -0.122694 0.134149 -1.56697e-16
2.66025e+10 -0.122812 0.134066 -1.42452e-16
2.66341e+10 -0.12293 0.133984 -1.56697e-16
2.66656e+10 -0.123048 0.133901 -1.28207e-16
2.66972e+10 -0.123165 0.133818 -1.42452e-16
2.67287e+10 -0.123282 0.133734 -1.13961e-16
2.67603e+10 -0.123399 0.133651 -1.28207e-16
2.67919e+10 -0.123516 0.133567 -1.28207e-16
2.68234e+10 -0.123632 0.133482 -1.28207e-16
2.6855e+10 -0.123748 0.133398 -1.13961e-16
2.68865e+10 -0.123864 0.133313 -9.97163e-17
2.69181e+10 -0.12398 0.133228 -1.13961e-16
2.69496e+10 -0.124095 0.133142 -1.13961e-16
2.69812e+10 -0.12421 0.133057 -9.97163e-17
2.70128e+10 -0.124325 0.132971 -9.97163e-17
2.70443e+10 -0.124439 0.132884 -9.97163e-17
2.70759e+10 -0.124553 0.132798 -9.97163e-17
2.71074e+10 -0.124667 0.132711 -9.97163e-17
2.7139e+10 -0.124781 0.132624 -8.54711e-17
2.71705e+10 -0.124895 0.132537 -1.13961e-16
2.72021e+10 -0.125008 0.132449 -9.97163e-17
2.72336e+10 -0.125121 0.132361 -1.13961e-16
2.72652e+10 -0.125233 0.132273 -9.97163e-17
2.72968e+10 -0.125346 0.132184 -1.13961e-16
2.73283e+10 -0.125458 0.132096 -1.28207e-16
2.73599e+10 -0.12557 0.132007 -9.97163e-17
2.73914e+10 -0.125681 0.131917 -1.28207e-16
2.7423e+10 -0.125793 0.131828 -1.28207e-16
2.74545e+10 -0.125904 0.131738 -1.28207e-16
2.74861e+10 -0.126015 0.131648 -1.13961e-16
2.75177e+10 -0.126125 0.131557 -1.28207e-16
2.75492e+10 -0.126236 0.131467 -1.13961e-16
2.75808e+10 -0.126346 0.131376 -1.13961e-16
2.76123e+10 -0.126455 0.131285 -1.13961e-16
2.76439e+10 -0.126565 0.131193 -1.13961e-16
2.76754e+10 -0.126674 0.131101 -9.97163e-17
2.7707e+10 -0.126783 0.131009 -1.13961e-16
2.77386e+10 -0.126892 0.130917 -1.28207e-16
2.77701e+10 -0.127 0.130824 -1.13961e-16
2.78017e+10 -0.127109 0.130731 -1.28207e-16
2.78332e+10 -0.127216 0.130638 -1.13961e-16
2.78648e+10 -0.127324 0.130545 -1.13961e-16
2.78963e+10 -0.127431 0.130451 -1.13961e-16
2.79279e+10 -0.127539 0.130357 -9.97163e-17
2.79595e+10 -0.127645 0.130263 -1.13961e-16
2.7991e+10 -0.127752 0.130168 -9.97163e-17
2.80226e+10 -0.127858 0.130074 -1.13961e-16
2.80541e+10 -0.127964 0.129979 -9.97163e-17
2.80857e+10 -0.12807 0.129883 -1.13961e-16
2.81172e+10 -0.128176 0.129788 -9.97163e-17
2.81488e+10 -0.128281 0.129692 -9.97163e-17
2.81804e+10 -0.128386 0.129596 -9.97163e-17
2.82119e+10 -0.128491 0.129499 -1.13961e-16
2.82435e+10 -0.128595 0.129403 -1.13961e-16
2.8275e+10 -0.128699 0.129306 -1.13961e-16
2.83066e+10 -0.128803 0.129208 -9.97163e-17
2.83381e+10 -0.128907 0.129111 -9.97163e-17
2.83697e+10 -0.12901 0.129013 -1.28207e-16
2.84013e+10 -0.129113 0.128915 -1.13961e-16
2.84328e+10 -0.129216 0.128817 -9.97163e-17
2.84644e+10 -0.129319 0.128718 -1.28207e-16
2.84959e+10 -0.129421 0.128619 -1.13961e-16
2.85275e+10 -0.129523 0.12852 -1.13961e-16
2.8559e+10 -0.129625 0.128421 -1.28207e-16
2.85906e+10 -0.129726 0.128321 -1.42452e-16
2.86222e+10 -0.129827 0.128221 -1.28207e-16
2.86537e+10 -0.129928 0.128121 -1.13961e-16
2.86853e+10 -0.130029 0.128021 -1.13961e-16
2.87168e+10 -0.130129 0.12792 -1.56697e-16
2.87484e+10 -0.130229 0.127819 -1.42452e-16
2.87799e+10 -0.130329 0.127718 -1.28207e-16
2.88115e+10 -0.130429 0.127616 -1.28207e-16
2.88431e+10 -0.130528 0.127514 -1.28207e-16
2.88746e+10 -0.130627 0.127412 -1.13961e-16
2.89062e+10 -0.130726 0.12731 -1.28207e-16
2.89377e+10 -0.130824 0.127207 -1.28207e-16
2.89693e+10 -0.130923 0.127105 -1.13961e-16
2.90008e+10 -0.131021 0.127001 -1.42452e-16
2.90324e+10 -0.131118 0.126898 -1.28207e-16
2.9064e+10 -0.131216 0.126794 -1.28207e-16
2.90955e+10 -0.131313 0.12669 -1.13961e-16
2.91271e+10 -0.13141 0.126586 -1.13961e-16
2.91586e+10 -0.131506 0.126482 -1.13961e-16
2.91902e+10 -0.131602 0.126377 -1.13961e-16
2.92217e+10 -0.131698 0.126272 -1.28207e-16
2.92533e+10 -0.131794 0.126167 -1.42452e-16
2.92849e+10 -0.13189 0.126061 -1.28207e-16
2.93164e+10 -0.131985 0.125956 -1.28207e-16
2.9348e+10 -0.13208 0.12585 -1.42452e-16
2.93795e+10 -0.132174 0.125743 -1.28207e-16
2.94111e+10 -0.132269 0.125637 -1.28207e-16
2.94426e+10 -0.132363 0.12553 -1.42452e-16
2.94742e+10 -0.132457 0.125423 -1.28207e-16
2.95058e+10 -0.13255 0.125316 -1.42452e-16
2.95373e+10 -0.132643 0.125208 -1.28207e-16
2.95689e+10 -0.132736 0.1251 -1.42452e-16
2.96004e+10 -0.132829 0.124992 -1.42452e-16
2.9632e+10 -0.132922 0.124884 -1.28207e-16
2.96635e+10 -0.133014 0.124775 -1.13961e-16
2.96951e+10 -0.133106 0.124666 -1.28207e-16
2.97266e+10 -0.133197 0.124557 -1.42452e-16
2.97582e+10 -0.133289 0.124448 -1.42452e-16
2.97898e+10 -0.13338 0.124338 -1.42452e-16
2.98213e+10 -0.13347 0.124228 -1.56697e-16
2.98529e+10 -0.133561 0.124118 -1.42452e-16
2.98844e+10 -0.133651 0.124007 -1.28207e-16
2.9916e+10 -0.133741 0.123897 -1.42452e-16
2.99475e+10 -0.133831 0.123786 -1.28207e-16
2.99791e+10 -0.13392 0.123674 -1.13961e-16
3.00107e+10 -0.134009 0.123563 -1.28207e-16
3.00422e+10 -0.134098 0.123451 -1.42452e-16
3.00738e+10 -0.134186 0.123339 -1.13961e-16
3.01053e+10 -0.134275 0.123227 -1.13961e-16
3.01369e+10 -0.134362 0.123114 -1.28207e-16
3.01684e+10 -0.13445 0.123002 -1.28207e-16
3.02e+10 -0.134538 0.122888 -1.28207e-16
3.02316e+10 -0.134625 0.122775 -1.13961e-16
3.02631e+10 -0.134711 0.122662 -1.28207e-16
3.02947e+10 -0.134798 0.122548 -1.13961e-16
3.03262e+10 -0.134884 0.122434 -1.28207e-16
3.03578e+10 -0.13497 0.122319 -1.13961e-16
3.03893e+10 -0.135056 0.122205 -9.97163e-17
3.04209e+10 -0.135141 0.12209 -9.97163e-17
3.04525e+10 -0.135226 0.121975 -1.13961e-16
3.0484e+10 -0.135311 0.121859 -9.97163e-17
3.05156e+10 -0.135396 0.121744 -9.97163e-17
3.05471e+10 -0.13548 0.121628 -9.97163e-17
3.05787e+10 -0.135564 0.121512 -8.54711e-17
3.06102e+10 -0.135648 0.121395 -9.97163e-17
3.06418e+10 -0.135731 0.121279 -9.97163e-17
3.06734e+10 -0.135814 0.121162 -8.54711e-17
3.07049e+10 -0.135897 0.121045 -9.97163e-17
3.07365e+10 -0.13598 0.120927 -8.54711e-17
3.0768e+10 -0.136062 0.12081 -9.97163e-17
3.07996e+10 -0.136144 0.120692 -1.13961e-16
3.08311e+10 -0.136226 0.120574 -9.97163e-17
3.08627e+10 -0.136307 0.120455 -1.13961e-16
3.08943e+10 -0.136388 0.120337 -1.13961e-16
3.09258e+10 -0.136469 0.120218 -9.97163e-17
3.09574e+10 -0.13655 0.120098 -1.13961e-16
3.09889e+10 -0.13663 0.119979 -1.13961e-16
3.10205e+10 -0.13671 0.119859 -9.97163e-17
3.1052e+10 -0.13679 0.119739 -1.13961e-16
3.10836e+10 -0.136869 0.119619 -9.97163e-17
3.11152e+10 -0.136948 0.119499 -1.13961e-16
3.11467e+10 -0.137027 0.119378 -9.97163e-17
3.11783e+10 -0.137106 0.119257 -1.28207e-16
3.12098e+10 -0.137184 0.119136 -1.28207e-16
3.12414e+10 -0.137262 0.119014 -1.13961e-16
3.12729e+10 -0.137339 0.118893 -9.97163e-17
3.13045e+10 -0.137417 0.118771 -1.13961e-16
3.13361e+10 -0.137494 0.118649 -1.13961e-16
3.13676e+10 -0.137571 0.118526 -9.97163e-17
3.13992e+10 -0.137647 0.118403 -1.28207e-16
3.14307e+10 -0.137723 0.11828 -1.28207e-16
3.14623e+10 -0.137799 0.118157 -1.13961e-16
3.14938e+10 -0.137875 0.118034 -1.13961e-16
3.15254e+10 -0.13795 0.11791 -1.13961e-16
3.1557e+10 -0.138025 0.117786 -1.13961e-16
3.15885e+10 -0.1381 0.117662 -1.28207e-16
3.16201e+10 -0.138174 0.117537 -1.42452e-16
3.16516e+10 -0.138249 0.117413 -1.28207e-16
3.16832e+10 -0.138322 0.117288 -1.13961e-16
3.17147e+10 -0.138396 0.117163 -1.13961e-16
3.17463e+10 -0.138469 0.117037 -1.28207e-16
3.17779e+10 -0.138542 0.116911 -1.28207e-16
3.18094e+10 -0.138615 0.116785 -1.13961e-16
3.1841e+10 -0.138687 0.116659 -1.28207e-16
3.18725e+10 -0.138759 0.116533 -1.42452e-16
3.19041e+10 -0.138831 0.116406 -1.42452e-16
3.19356e+10 -0.138903 0.116279 -1.42452e-16
3.19672e+10 -0.138974 0.116152 -1.28207e-16
3.19987e+10 -0.139045 0.116024 -1.28207e-16
3.20303e+10 -0.139115 0.115897 -1.28207e-16
3.20619e+10 -0.139186 0.115769 -1.42452e-16
3.20934e+10 -0.139256 0.115641 -1.28207e-16
3.2125e+10 -0.139325 0.115512 -1.42452e-16
3.21565e+10 -0.139395 0.115383 -1.42452e-16
3.21881e+10 -0.139464 0.115254 -1.42452e-16
3.22196e+10 -0.139533 0.115125 -1.28207e-16
3.22512e+10 -0.139601 0.114996 -1.28207e-16
3.22828e+10 -0.13967 0.114866 -1.42452e-16
3.23143e+10 -0.139738 0.114736 -1.42452e-16
3.23459e+10 -0.139805 0.114606 -1.56697e-16
3.23774e+10 -0.139872 0.114476 -1.42452e-16
3.2409e+10 -0.139939 0.114345 -1.28207e-16
3.24405e+10 -0.140006 0.114214 -1.42452e-16
3.24721e+10 -0.140073 0.114083 -1.28207e-16
3.25037e+10 -0.140139 0.113952 -1.42452e-16
3.25352e+10 -0.140205 0.11382 -1.13961e-16
3.25668e+10 -0.14027 0.113688 -1.42452e-16
3.25983e+10 -0.140335 0.113556 -1.28207e-16
3.26299e+10 -0.1404 0.113424 -1.42452e-16
3.26614e+10 -0.140465 0.113291 -1.42452e-16
3.2693e+10 -0.140529 0.113158 -1.42452e-16
3.27246e+10 -0.140593 0.113025 -1.56697e-16
3.27561e+10 -0.140657 0.112892 -1.56697e-16
3.27877e+10 -0.14072 0.112758 -1.56697e-16
3.28192e+10 -0.140783 0.112624 -1.56697e-16
3.28508e+10 -0.140846 0.11249 -1.42452e-16
3.28823e+10 -0.140909 0.112356 -1.56697e-16
3.29139e+10 -0.140971 0.112221 -1.42452e-16
3.29455e+10 -0.141033 0.112086 -1.42452e-16
3.2977e+10 -0.141094 0.111951 -1.42452e-16
3.30086e+10 -0.141155 0.111816 -1.42452e-16
3.30401e+10 -0.141216 0.11168 -1.56697e-16
3.30717e+10 -0.141277 0.111545 -1.42452e-16
3.31032e+10 -0.141337 0.111409 -1.56697e-16
3.31348e+10 -0.141397 0.111272 -1.56697e-16
3.31664e+10 -0.141457 0.111136 -1.56697e-16
3.31979e+10 -0.141517 0.110999 -1.56697e-16
3.32295e+10 -0.141576 0.110862 -1.42452e-16
3.3261e+10 -0.141634 0.110725 -1.56697e-16
3.32926e+10 -0.141693 0.110587 -1.70942e-16
3.33241e+10 -0.141751 0.11045 -1.85187e-16
3.33557e+10 -0.141809 0.110312 -1.85187e-16
3.33873e+10 -0.141867 0.110173 -1.70942e-16
3.34188e+10 -0.141924 0.110035 -1.56697e-16
3.34504e+10 -0.141981 0.109896 -1.56697e-16
3.34819e+10 -0.142037 0.109757 -1.70942e-16
3.35135e+10 -0.142094 0.109618 -1.70942e-16
3.3545e+10 -0.14215 0.109479 -1.70942e-16
3.35766e+10 -0.142205 0.109339 -1.70942e-16
3.36082e+10 -0.142261 0.109199 -1.70942e-16
3.36397e+10 -0.142316 0.109059 -1.70942e-16
3.36713e+10 -0.142371 0.108919 -1.70942e-16
3.37028e+10 -0.142425 0.108778 -1.56697e-16
3.37344e+10 -0.142479 0.108637 -1.56697e-16
3.37659e+10 -0.142533 0.108496 -1.56697e-16
3.37975e+10 -0.142586 0.108355 -1.42452e-16
3.38291e+10 -0.14264 0.108213 -1.56697e-16
3.38606e+10 -0.142693 0.108072 -1.56697e-16
3.38922e+10 -0.142745 0.107929 -1.42452e-16
3.39237e+10 -0.142797 0.107787 -1.42452e-16
3.39553e+10 -0.142849 0.107645 -1.28207e-16
3.39868e+10 -0.142901 0.107502 -1.42452e-16
3.40184e+10 -0.142952 0.107359 -1.56697e-16
3.405e+10 -0.143003 0.107216 -1.28207e-16
3.40815e+10 -0.143054 0.107072 -1.42452e-16
3.41131e+10 -0.143104 0.106928 -1.42452e-16
3.41446e+10 -0.143154 0.106784 -1.28207e-16
3.41762e+10 -0.143204 0.10664 -1.28207e-16
3.42077e+10 -0.143253 0.106496 -1.28207e-16
3.42393e+10 -0.143302 0.106351 -1.28207e-16
3.42708e+10 -0.143351 0.106206 -1.28207e-16
3.43024e+10 -0.143399 0.106061 -1.28207e-16
3.4334e+10 -0.143447 0.105916 -1.28207e-16
3.43655e+10 -0.143495 0.10577 -1.28207e-16
3.43971e+10 -0.143543 0.105624 -1.13961e-16
3.44286e+10 -0.14359 0.105478 -1.42452e-16
3.44602e+10 -0.143637 0.105332 -1.42452e-16
3.44917e+10 -0.143683 0.105185 -1.28207e-16
3.45233e+10 -0.143729 0.105039 -1.42452e-16
3.45549e+10 -0.143775 0.104891 -1.13961e-16
3.45864e+10 -0.143821 0.104744 -1.13961e-16
3.4618e+10 -0.143866 0.104597 -9.97163e-17
3.46495e+10 -0.143911 0.104449 -9.97163e-17
3.46811e+10 -0.143955 0.104301 -9.97163e-17
3.47126e+10 -0.143999 0.104153 -1.13961e-16
3.47442e+10 -0.144043 0.104004 -1.28207e-16
3.47758e+10 -0.144087 0.103856 -1.13961e-16
3.48073e+10 -0.14413 0.103707 -9.97163e-17
3.48389e+10 -0.144173 0.103558 -9.97163e-17
3.48704e+10 -0.144216 0.103408 -9.97163e-17
3.4902e+10 -0.144258 0.103259 -1.13961e-16
3.49335e+10 -0.1443 0.103109 -1.13961e-16
3.49651e+10 -0.144341 0.102959 -9.97163e-17
3.49967e+10 -0.144383 0.102808 -9.97163e-17
3.50282e+10 -0.144424 0.102658 -1.13961e-16
3.50598e+10 -0.144464 0.102507 -1.13961e-16
3.50913e+10 -0.144505 0.102356 -1.13961e-16
3.51229e+10 -0.144545 0.102205 -1.13961e-16
3.51544e+10 -0.144584 0.102053 -1.28207e-16
3.5186e+10 -0.144623 0.101901 -1.42452e-16
3.52176e+10 -0.144662 0.101749 -1.42452e-16
3.52491e+10 -0.144701 0.101597 -1.28207e-16
3.52807e+10 -0.144739 0.101445 -1.28207e-16
3.53122e+10 -0.144777 0.101292 -1.28207e-16
3.53438e+10 -0.144815 0.101139 -1.13961e-16
3.53753e+10 -0.144852 0.100986 -1.28207e-16
3.54069e+10 -0.144889 0.100833 -1.13961e-16
3.54385e+10 -0.144926 0.100679 -1.28207e-16
3.547e+10 -0.144962 0.100525 -1.42452e-16
3.55016e+10 -0.144998 0.100371 -1.13961e-16
3.55331e+10 -0.145034 0.100217 -1.13961e-16
3.55647e+10 -0.145069 0.100062 -1.28207e-16
3.55962e+10 -0.145104 0.0999077 -1.13961e-16
3.56278e+10 -0.145139 0.0997527 -1.13961e-16
3.56594e+10 -0.145173 0.0995975 -1.28207e-16
3.56909e+10 -0.145207 0.0994421 -1.28207e-16
3.57225e+10 -0.145241 0.0992864 -1.28207e-16
3.5754e+10 -0.145274 0.0991305 -1.28207e-16
3.57856e+10 -0.145307 0.0989743 -1.42452e-16
3.58171e+10 -0.145339 0.0988179 -1.42452e-16
3.58487e+10 -0.145372 0.0986613 -1.42452e-16
3.58803e+10 -0.145404 0.0985045 -1.42452e-16
3.59118e+10 -0.145435 0.0983474 -1.56697e-16
3.59434e+10 -0.145466 0.0981901 -1.28207e-16
3.59749e+10 -0.145497 0.0980326 -1.28207e-16
3.60065e+10 -0.145528 0.0978748 -1.42452e-16
3.6038e+10 -0.145558 0.0977169 -1.42452e-16
3.60696e+10 -0.145588 0.0975586 -1.28207e-16
3.61012e+10 -0.145617 0.0974002 -1.28207e-16
3.61327e+10 -0.145647 0.0972415 -1.28207e-16
3.61643e+10 -0.145675 0.0970826 -1.28207e-16
3.61958e+10 -0.145704 0.0969235 -1.13961e-16
3.62274e+10 -0.145732 0.0967641 -1.13961e-16
3.62589e+10 -0.14576 0.0966045 -1.42452e-16
3.62905e+10 -0.145787 0.0964447 -1.28207e-16
3.63221e+10 -0.145814 0.0962846 -1.28207e-16
3.63536e+10 -0.145841 0.0961244 -1.42452e-16
3.63852e+10 -0.145868 0.0959638 -1.42452e-16
3.64167e+10 -0.145894 0.0958031 -1.42452e-16
3.64483e+10 -0.145919 0.0956421 -1.42452e-16
3.64798e+10 -0.145945 0.0954809 -1.28207e-16
3.65114e+10 -0.14597 0.0953195 -1.42452e-16
3.6543e+10 -0.145994 0.0951579 -1.28207e-16
3.65745e+10 -0.146019 0.094996 -1.28207e-16
3.66061e+10 -0.146043 0.0948339 -1.28207e-16
3.66376e+10 -0.146066 0.0946715 -1.13961e-16
3.66692e+10 -0.14609 0.094509 -1.28207e-16
3.67007e+10 -0.146113 0.0943462 -1.28207e-16
3.67323e+10 -0.146135 0.0941831 -1.13961e-16
3.67638e+10 -0.146157 0.0940199 -1.13961e-16
3.67954e+10 -0.146179 0.0938564 -1.13961e-16
3.6827e+10 -0.146201 0.0936927 -1.28207e-16
3.68585e+10 -0.146222 0.0935288 -1.13961e-16
3.68901e+10 -0.146243 0.0933646 -1.28207e-16
3.69216e+10 -0.146263 0.0932003 -1.28207e-16
3.69532e+10 -0.146283 0.0930356 -1.13961e-16
3.69847e+10 -0.146303 0.0928708 -1.13961e-16
3.70163e+10 -0.146322 0.0927058 -1.13961e-16
3.70479e+10 -0.146341 0.0925405 -1.13961e-16
3.70794e+10 -0.14636 0.092375 -1.13961e-16
3.7111e+10 -0.146378 0.0922092 -1.13961e-16
3.71425e+10 -0.146396 0.0920432 -1.13961e-16
3.71741e+10 -0.146414 0.0918771 -1.13961e-16
3.72056e+10 -0.146431 0.0917106 -1.13961e-16
3.72372e+10 -0.146448 0.091544 -1.13961e-16
3.72688e+10 -0.146464 0.0913771 -1.13961e-16
3.73003e+10 -0.146481 0.09121 -1.13961e-16
3.73319e+10 -0.146496 0.0910427 -1.13961e-16
3.73634e+10 -0.146512 0.0908752 -1.13961e-16
3.7395e+10 -0.146527 0.0907074 -1.13961e-16
3.74265e+10 -0.146541 0.0905394 -1.13961e-16
3.74581e+10 -0.146556 0.0903712 -1.13961e-16
3.74897e+10 -0.14657 0.0902027 -1.13961e-16
3.75212e+10 -0.146583 0.0900341 -1.13961e-16
3.75528e+10 -0.146597 0.0898652 -1.13961e-16
3.75843e+10 -0.146609 0.0896961 -9.97163e-17
3.76159e+10 -0.146622 0.0895267 -1.13961e-16
3.76474e+10 -0.146634 0.0893572 -9.97163e-17
3.7679e+10 -0.146646 0.0891874 -9.97163e-17
3.77106e+10 -0.146657 0.0890174 -9.97163e-17
3.77421e+10 -0.146668 0.0888471 -9.97163e-17
3.77737e+10 -0.146679 0.0886767 -1.13961e-16
3.78052e+10 -0.146689 0.088506 -9.97163e-17
3.78368e+10 -0.146699 0.0883351 -9.97163e-17
3.78683e+10 -0.146709 0.088164 -9.97163e-17
3.78999e+10 -0.146718 0.0879926 -9.97163e-17
3.79315e+10 -0.146727 0.087821 -9.97163e-17
3.7963e+10 -0.146735 0.0876492 -1.13961e-16
3.79946e+10 -0.146743 0.0874772 -9.97163e-17
3.80261e+10 -0.146751 0.087305 -9.97163e-17
3.80577e+10 -0.146758 0.0871325 -9.97163e-17
3.80892e+10 -0.146765 0.0869598 -9.97163e-17
3.81208e+10 -0.146772 0.0867869 -9.97163e-17
3.81524e+10 -0.146778 0.0866138 -1.13961e-16
3.81839e+10 -0.146784 0.0864404 -9.97163e-17
3.82155e+10 -0.146789 0.0862669 -1.13961e-16
3.8247e+10 -0.146794 0.0860931 -1.28207e-16
3.82786e+10 -0.146799 0.0859191 -9.97163e-17
3.83101e+10 -0.146803 0.0857448 -1.13961e-16
3.83417e+10 -0.146807 0.0855704 -1.13961e-16
3.83733e+10 -0.146811 0.0853957 -9.97163e-17
3.84048e+10 -0.146814 0.0852208 -8.54711e-17
3.84364e+10 -0.146817 0.0850456 -9.97163e-17
3.84679e+10 -0.146819 0.0848703 -9.97163e-17
3.84995e+10 -0.146821 0.0846947 -1.13961e-16
3.8531e+10 -0.146823 0.0845189 -8.54711e-17
3.85626e+10 -0.146824 0.0843429 -9.97163e-17
3.85942e+10 -0.146825 0.0841667 -9.97163e-17
3.86257e+10 -0.146825 0.0839903 -9.97163e-17
3.86573e+10 -0.146826 0.0838136 -9.97163e-17
3.86888e+10 -0.146825 0.0836367 -8.54711e-17
3.87204e+10 -0.146825 0.0834596 -8.54711e-17
3.87519e+10 -0.146824 0.0832823 -9.97163e-17
3.87835e+10 -0.146822 0.0831047 -9.97163e-17
3.88151e+10 -0.14682 0.082927 -8.54711e-17
3.88466e+10 -0.146818 0.082749 -1.13961e-16
3.88782e+10 -0.146816 0.0825708 -9.97163e-17
3.89097e+10 -0.146813 0.0823924 -1.13961e-16
3.89413e+10 -0.146809 0.0822137 -1.13961e-16
3.89728e+10 -0.146805 0.0820349 -1.13961e-16
3.90044e+10 -0.146801 0.0818558 -1.13961e-16
3.90359e+10 -0.146797 0.0816765 -9.97163e-17
3.90675e+10 -0.146792 0.081497 -9.97163e-17
3.90991e+10 -0.146786 0.0813172 -1.13961e-16
3.91306e+10 -0.146781 0.0811373 -1.13961e-16
3.91622e+10 -0.146775 0.0809571 -1.13961e-16
3.91937e+10 -0.146768 0.0807767 -1.13961e-16
3.92253e+10 -0.146761 0.0805961 -1.13961e-16
3.92568e+10 -0.146754 0.0804153 -9.97163e-17
3.92884e+10 -0.146746 0.0802342 -9.97163e-17
3.932e+10 -0.146738 0.080053 -9.97163e-17
3.93515e+10 -0.146729 0.0798715 -1.13961e-16
3.93831e+10 -0.14672 0.0796898 -1.13961e-16
3.94146e+10 -0.146711 0.0795079 -1.13961e-16
3.94462e+10 -0.146701 0.0793257 -9.97163e-17
3.94777e+10 -0.146691 0.0791434 -9.97163e-17
3.95093e+10 -0.146681 0.0789608 -1.13961e-16
3.95409e+10 -0.14667 0.0787781 -1.13961e-16
3.95724e+10 -0.146659 0.0785951 -9.97163e-17
3.9604e+10 -0.146647 0.0784118 -9.97163e-17
3.96355e+10 -0.146635 0.0782284 -9.97163e-17
3.96671e+10 -0.146622 0.0780448 -9.97163e-17
3.96986e+10 -0.146609 0.0778609 -8.54711e-17
3.97302e+10 -0.146596 0.0776768 -8.54711e-17
3.97618e+10 -0.146582 0.0774925 -7.12259e-17
3.97933e+10 -0.146568 0.077308 -8.54711e-17
3.98249e+10 -0.146553 0.0771233 -7.12259e-17
3.98564e+10 -0.146538 0.0769384 -8.54711e-17
3.9888e+10 -0.146523 0.0767532 -8.54711e-17
3.99195e+10 -0.146507 0.0765678 -8.54711e-17
3.99511e+10 -0.146491 0.0763823 -7.12259e-17
3.99827e+10 -0.146474 0.0761965 -8.54711e-17
4.00142e+10 -0.146457 0.0760104 -7.12259e-17
4.00458e+10 -0.14644 0.0758242 -7.12259e-17
4.00773e+10 -0.146422 0.0756378 -7.12259e-17
4.01089e+10 -0.146404 0.0754511 -7.12259e-17
4.01404e+10 -0.146385 0.0752642 -7.12259e-17
4.0172e+10 -0.146366 0.0750772 -7.12259e-17
4.02036e+10 -0.146347 0.0748899 -5.69807e-17
4.02351e+10 -0.146327 0.0747023 -7.12259e-17
4.02667e+10 -0.146306 0.0745146 -7.12259e-17
4.02982e+10 -0.146285 0.0743267 -8.54711e-17
4.03298e+10 -0.146264 0.0741385 -7.12259e-17
4.03613e+10 -0.146243 0.0739501 -7.12259e-17
4.03929e+10 -0.146221 0.0737616 -5.69807e-17
4.04245e+10 -0.146198 0.0735728 -7.12259e-17
4.0456e+10 -0.146175 0.0733838 -5.69807e-17
4.04876e+10 -0.146152 0.0731945 -7.12259e-17
4.05191e+10 -0.146128 0.0730051 -7.12259e-17
4.05507e+10 -0.146104 0.0728155 -7.12259e-17
4.05822e+10 -0.146079 0.0726256 -7.12259e-17
4.06138e+10 -0.146054 0.0724355 -7.12259e-17
4.06454e+10 -0.146029 0.0722453 -7.12259e-17
4.06769e+10 -0.146003 0.0720548 -5.69807e-17
4.07085e+10 -0.145977 0.0718641 -5.69807e-17
4.074e+10 -0.14595 0.0716732 -5.69807e-17
4.07716e+10 -0.145923 0.071482 -5.69807e-17
4.08031e+10 -0.145895 0.0712907 -5.69807e-17
4.08347e+10 -0.145867 0.0710991 -5.69807e-17
4.08663e+10 -0.145839 0.0709074 -5.69807e-17
4.08978e+10 -0.14581 0.0707154 -5.69807e-17
4.09294e+10 -0.145781 0.0705232 -7.12259e-17
4.09609e+10 -0.145751 0.0703308 -7.12259e-17
4.09925e+10 -0.145721 0.0701382 -7.12259e-17
4.1024e+10 -0.14569 0.0699454 -7.12259e-17
4.10556e+10 -0.145659 0.0697524 -5.69807e-17
4.10872e+10 -0.145627 0.0695591 -7.12259e-17
4.11187e+10 -0.145595 0.0693657 -7.12259e-17
4.11503e+10 -0.145563 0.069172 -7.12259e-17
4.11818e+10 -0.14553 0.0689782 -7.12259e-17
4.12134e+10 -0.145497 0.0687841 -7.12259e-17
4.12449e+10 -0.145463 0.0685898 -7.12259e-17
4.12765e+10 -0.145429 0.0683953 -5.69807e-17
4.13081e+10 -0.145394 0.0682006 -5.69807e-17
4.13396e+10 -0.145359 0.0680057 -7.12259e-17
4.13712e+10 -0.145324 0.0678106 -7.12259e-17
4.14027e+10 -0.145288 0.0676153 -7.12259e-17
4.14343e+10 -0.145252 0.0674197 -5.69807e-17
4.14658e+10 -0.145215 0.067224 -7.12259e-17
4.14974e+10 -0.145177 0.0670281 -7.12259e-17
4.15289e+10 -0.14514 0.0668319 -7.12259e-17
4.15605e+10 -0.145102 0.0666355 -8.54711e-17
4.15921e+10 -0.145063 0.066439 -7.12259e-17
4.16236e+10 -0.145024 0.0662422 -7.12259e-17
4.16552e+10 -0.144984 0.0660452 -7.12259e-17
4.16867e+10 -0.144944 0.065848 -7.12259e-17
4.17183e+10 -0.144904 0.0656506 -7.12259e-17
4.17498e+10 -0.144863 0.065453 -7.12259e-17
4.17814e+10 -0.144821 0.0652552 -7.12259e-17
4.1813e+10 -0.14478 0.0650571 -7.12259e-17
4.18445e+10 -0.144737 0.0648589 -7.12259e-17
4.18761e+10 -0.144695 0.0646605 -5.69807e-17
4.19076e+10 -0.144651 0.0644618 -5.69807e-17
4.19392e+10 -0.144608 0.064263 -5.69807e-17
4.19707e+10 -0.144564 0.0640639 -7.12259e-17
4.20023e+10 -0.144519 0.0638647 -7.12259e-17
4.20339e+10 -0.144474 0.0636652 -8.54711e-17
4.20654e+10 -0.144428 0.0634655 -7.12259e-17
4.2097e+10 -0.144382 0.0632656 -7.12259e-17
4.21285e+10 -0.144336 0.0630656 -7.12259e-17
4.21601e+10 -0.144289 0.0628653 -7.12259e-17
4.21916e+10 -0.144242 0.0626648 -7.12259e-17
4.22232e+10 -0.144194 0.0624641 -7.12259e-17
4.22548e+10 -0.144145 0.0622632 -7.12259e-17
4.22863e+10 -0.144097 0.0620621 -7.12259e-17
4.23179e+10 -0.144047 0.0618608 -7.12259e-17
4.23494e+10 -0.143998 0.0616593 -7.12259e-17
4.2381e+10 -0.143947 0.0614576 -7.12259e-17
4.24125e+10 -0.143897 0.0612557 -8.54711e-17
4.24441e+10 -0.143845 0.0610535 -8.54711e-17
4.24757e+10 -0.143794 0.0608512 -8.54711e-17
4.25072e+10 -0.143742 0.0606487 -8.54711e-17
4.25388e+10 -0.143689 0.060446 -7.12259e-17
4.25703e+10 -0.143636 0.060243 -5.69807e-17
4.26019e+10 -0.143582 0.0600399 -7.12259e-17
4.26334e+10 -0.143528 0.0598366 -7.12259e-17
4.2665e+10 -0.143474 0.059633 -8.54711e-17
4.26966e+10 -0.143419 0.0594293 -7.12259e-17
4.27281e+10 -0.143363 0.0592254 -7.12259e-17
4.27597e+10 -0.143307 0.0590212 -7.12259e-17
4.27912e+10 -0.14325 0.0588169 -7.12259e-17
4.28228e+10 -0.143193 0.0586123 -5.69807e-17
4.28543e+10 -0.143136 0.0584076 -5.69807e-17
4.28859e+10 -0.143078 0.0582027 -7.12259e-17
4.29175e+10 -0.14302 0.0579975 -8.54711e-17
4.2949e+10 -0.142961 0.0577922 -7.12259e-17
4.29806e+10 -0.142901 0.0575866 -7.12259e-17
4.30121e+10 -0.142841 0.0573809 -7.12259e-17
4.30437e+10 -0.142781 0.0571749 -7.12259e-17
4.30752e+10 -0.14272 0.0569688 -7.12259e-17
4.31068e+10 -0.142658 0.0567625 -5.69807e-17
4.31384e+10 -0.142596 0.0565559 -4.27356e-17
4.31699e+10 -0.142534 0.0563492 -5.69807e-17
4.32015e+10 -0.142471 0.0561422 -5.69807e-17
4.3233e+10 -0.142408 0.0559351 -5.69807e-17
4.32646e+10 -0.142344 0.0557278 -7.12259e-17
4.32961e+10 -0.142279 0.0555202 -5.69807e-17
4.33277e+10 -0.142214 0.0553125 -5.69807e-17
4.33593e+10 -0.142149 0.0551046 -7.12259e-17
4.33908e+10 -0.142083 0.0548965 -5.69807e-17
4.34224e+10 -0.142016 0.0546881 -5.69807e-17
4.34539e+10 -0.141949 0.0544796 -5.69807e-17
4.34855e+10 -0.141882 0.0542709 -7.12259e-17
4.3517e+10 -0.141814 0.054062 -8.54711e-17
4.35486e+10 -0.141745 0.0538529 -7.12259e-17
4.35802e+10 -0.141676 0.0536436 -7.12259e-17
4.36117e+10 -0.141606 0.0534341 -5.69807e-17
4.36433e+10 -0.141536 0.0532244 -7.12259e-17
4.36748e+10 -0.141466 0.0530145 -5.69807e-17
4.37064e+10 -0.141395 0.0528044 -5.69807e-17
4.37379e+10 -0.141323 0.0525941 -7.12259e-17
4.37695e+10 -0.141251 0.0523837 -7.12259e-17
4.3801e+10 -0.141178 0.052173 -7.12259e-17
4.38326e+10 -0.141105 0.0519621 -7.12259e-17
4.38642e+10 -0.141031 0.0517511 -5.69807e-17
4.38957e+10 -0.140957 0.0515398 -7.12259e-17
4.39273e+10 -0.140882 0.0513284 -7.12259e-17
4.39588e+10 -0.140807 0.0511168 -7.12259e-17
4.39904e+10 -0.140731 0.0509049 -8.54711e-17
4.40219e+10 -0.140654 0.0506929 -7.12259e-17
4.40535e+10 -0.140577 0.0504807 -5.69807e-17
4.40851e+10 -0.1405 0.0502683 -7.12259e-17
4.41166e+10 -0.140422 0.0500557 -5.69807e-17
4.41482e+10 -0.140343 0.0498429 -7.12259e-17
4.41797e+10 -0.140264 0.0496299 -8.54711e-17
4.42113e+10 -0.140185 0.0494167 -8.54711e-17
4.42428e+10 -0.140104 0.0492034 -7.12259e-17
4.42744e+10 -0.140024 0.0489898 -5.69807e-17
4.4306e+10 -0.139942 0.0487761 -5.69807e-17
4.43375e+10 -0.139861 0.0485622 -5.69807e-17
4.43691e+10 -0.139778 0.048348 -5.69807e-17
4.44006e+10 -0.139695 0.0481337 -5.69807e-17
4.44322e+10 -0.139612 0.0479192 -5.69807e-17
4.44637e+10 -0.139528 0.0477045 -5.69807e-17
4.44953e+10 -0.139443 0.0474896 -5.69807e-17
4.45269e+10 -0.139358 0.0472746 -7.12259e-17
4.45584e+10 -0.139273 0.0470593 -5.69807e-17
4.459e+10 -0.139186 0.0468439 -7.12259e-17
4.46215e+10 -0.1391 0.0466282 -5.69807e-17
4.46531e+10 -0.139012 0.0464124 -5.69807e-17
4.46846e+10 -0.138924 0.0461964 -7.12259e-17
4.47162e+10 -0.138836 0.0459802 -5.69807e-17
4.47478e+10 -0.138747 0.0457638 -5.69807e-17
4.47793e+10 -0.138657 0.0455473 -7.12259e-17
4.48109e+10 -0.138567 0.0453305 -5.69807e-17
4.48424e+10 -0.138477 0.0451136 -5.69807e-17
4.4874e+10 -0.138385 0.0448965 -5.69807e-17
4.49055e+10 -0.138293 0.0446792 -4.27356e-17
4.49371e+10 -0.138201 0.0444617 -5.69807e-17
4.49687e+10 -0.138108 0.044244 -5.69807e-17
4.50002e+10 -0.138014 0.0440261 -4.27356e-17
4.50318e+10 -0.13792 0.0438081 -4.27356e-17
4.50633e+10 -0.137826 0.0435899 -5.69807e-17
4.50949e+10 -0.13773 0.0433714 -5.69807e-17
4.51264e+10 -0.137634 0.0431529 -7.12259e-17
4.5158e+10 -0.137538 0.0429341 -7.12259e-17
4.51896e+10 -0.137441 0.0427151 -5.69807e-17
4.52211e+10 -0.137343 0.042496 -7.12259e-17
4.52527e+10 -0.137245 0.0422767 -5.69807e-17
4.52842e+10 -0.137146 0.0420572 -7.12259e-17
4.53158e+10 -0.137047 0.0418375 -5.69807e-17
4.53473e+10 -0.136947 0.0416176 -7.12259e-17
4.53789e+10 -0.136846 0.0413976 -7.12259e-17
4.54105e+10 -0.136745 0.0411774 -8.54711e-17
4.5442e+10 -0.136643 0.0409569 -7.12259e-17
4.54736e+10 -0.136541 0.0407364 -8.54711e-17
4.55051e+10 -0.136438 0.0405156 -7.12259e-17
4.55367e+10 -0.136334 0.0402947 -7.12259e-17
4.55682e+10 -0.13623 0.0400736 -7.12259e-17
4.55998e+10 -0.136125 0.0398523 -8.54711e-17
4.56314e+10 -0.13602 0.0396308 -9.97163e-17
4.56629e+10 -0.135914 0.0394091 -8.54711e-17
4.56945e+10 -0.135808 0.0391873 -9.97163e-17
4.5726e+10 -0.1357 0.0389653 -9.97163e-17
4.57576e+10 -0.135593 0.0387432 -8.54711e-17
4.57891e+10 -0.135484 0.0385208 -9.97163e-17
4.58207e+10 -0.135375 0.0382983 -8.54711e-17
4.58523e+10 -0.135265 0.0380756 -9.97163e-17
4.58838e+10 -0.135155 0.0378527 -8.54711e-17
4.59154e+10 -0.135044 0.0376297 -8.54711e-17
4.59469e+10 -0.134933 0.0374064 -8.54711e-17
4.59785e+10 -0.134821 0.037183 -9.97163e-17
4.601e+10 -0.134708 0.0369595 -8.54711e-17
4.60416e+10 -0.134594 0.0367357 -9.97163e-17
4.60731e+10 -0.13448 0.0365118 -8.54711e-17
4.61047e+10 -0.134366 0.0362878 -8.54711e-17
4.61363e+10 -0.134251 0.0360635 -9.97163e-17
4.61678e+10 -0.134135 0.0358391 -9.97163e-17
4.61994e+10 -0.134018 0.0356145 -1.13961e-16
4.62309e+10 -0.133901 0.0353897 -9.97163e-17
4.62625e+10 -0.133783 0.0351648 -1.13961e-16
4.6294e+10 -0.133665 0.0349397 -9.97163e-17
4.63256e+10 -0.133545 0.0347144 -1.28207e-16
4.63572e+10 -0.133426 0.034489 -1.28207e-16
4.63887e+10 -0.133305 0.0342634 -1.13961e-16
4.64203e+10 -0.133184 0.0340376 -1.06839e-16
4.64518e+10 -0.133063 0.0338117 -1.13961e-16
4.64834e+10 -0.13294 0.0335856 -1.06839e-16
4.65149e+10 -0.132817 0.0333593 -1.06839e-16
4.65465e+10 -0.132694 0.0331329 -1.06839e-16
4.65781e+10 -0.132569 0.0329063 -1.21084e-16
4.66096e+10 -0.132444 0.0326796 -1.13961e-16
4.66412e+10 -0.132319 0.0324526 -1.13961e-16
4.66727e+10 -0.132192 0.0322256 -1.21084e-16
4.67043e+10 -0.132065 0.0319983 -1.13961e-16
4.67358e+10 -0.131938 0.0317709 -1.13961e-16
4.67674e+10 -0.131809 0.0315433 -9.97163e-17
4.6799e+10 -0.13168 0.0313156 -9.97163e-17
4.68305e+10 -0.131551 0.0310877 -1.06839e-16
4.68621e+10 -0.13142 0.0308597 -8.54711e-17
4.68936e+10 -0.131289 0.0306315 -9.97163e-17
4.69252e+10 -0.131158 0.0304031 -9.25937e-17
4.69567e+10 -0.131025 0.0301746 -9.25937e-17
4.69883e+10 -0.130892 0.0299459 -1.06839e-16
4.70199e+10 -0.130759 0.0297171 -1.13961e-16
4.70514e+10 -0.130624 0.0294881 -1.06839e-16
4.7083e+10 -0.130489 0.0292589 -9.97163e-17
4.71145e+10 -0.130353 0.0290296 -1.06839e-16
4.71461e+10 -0.130217 0.0288001 -1.06839e-16
4.71776e+10 -0.130079 0.0285705 -9.97163e-17
4.72092e+10 -0.129942 0.0283408 -9.25937e-17
4.72408e+10 -0.129803 0.0281108 -9.97163e-17
4.72723e+10 -0.129664 0.0278808 -9.25937e-17
4.73039e+10 -0.129524 0.0276505 -7.83485e-17
4.73354e+10 -0.129383 0.0274202 -8.54711e-17
4.7367e+10 -0.129242 0.0271896 -7.12259e-17
4.73985e+10 -0.129099 0.026959 -7.12259e-17
4.74301e+10 -0.128957 0.0267281 -8.54711e-17
4.74617e+10 -0.128813 0.0264972 -7.83485e-17
4.74932e+10 -0.128669 0.026266 -7.83485e-17
4.75248e+10 -0.128524 0.0260348 -7.83485e-17
4.75563e+10 -0.128378 0.0258034 -7.83485e-17
4.75879e+10 -0.128232 0.0255718 -7.12259e-17
4.76194e+10 -0.128084 0.0253401 -7.83485e-17
4.7651e+10 -0.127936 0.0251082 -8.54711e-17
4.76826e+10 -0.127788 0.0248763 -9.25937e-17
4.77141e+10 -0.127638 0.0246441 -8.54711e-17
4.77457e+10 -0.127488 0.0244118 -7.83485e-17
4.77772e+10 -0.127338 0.0241794 -8.54711e-17
4.78088e+10 -0.127186 0.0239469 -7.12259e-17
4.78403e+10 -0.127034 0.0237142 -6.41033e-17
4.78719e+10 -0.12688 0.0234813 -7.12259e-17
4.79035e+10 -0.126727 0.0232483 -6.41033e-17
4.7935e+10 -0.126572 0.0230152 -5.69807e-17
4.79666e+10 -0.126417 0.022782 -7.12259e-17
4.79981e+10 -0.126261 0.0225486 -7.12259e-17
4.80297e+10 -0.126104 0.022315 -5.69807e-17
4.80612e+10 -0.125946 0.0220814 -7.12259e-17
4.80928e+10 -0.125788 0.0218476 -6.41033e-17
4.81244e+10 -0.125629 0.0216137 -6.41033e-17
4.81559e+10 -0.125469 0.0213796 -6.41033e-17
4.81875e+10 -0.125308 0.0211454 -7.83485e-17
4.8219e+10 -0.125147 0.0209111 -7.12259e-17
4.82506e+10 -0.124984 0.0206766 -7.12259e-17
4.82821e+10 -0.124821 0.0204421 -7.83485e-17
4.83137e+10 -0.124658 0.0202073 -7.12259e-17
4.83453e+10 -0.124493 0.0199725 -7.83485e-17
4.83768e+10 -0.124328 0.0197375 -8.54711e-17
4.84084e+10 -0.124161 0.0195025 -9.25937e-17
4.84399e+10 -0.123994 0.0192672 -8.54711e-17
4.84715e+10 -0.123827 0.0190319 -9.25937e-17
4.8503e+10 -0.123658 0.0187964 -7.83485e-17
4.85346e+10 -0.123489 0.0185609 -7.83485e-17
4.85661e+10 -0.123319 0.0183252 -8.54711e-17
4.85977e+10 -0.123148 0.0180893 -8.54711e-17
4.86293e+10 -0.122976 0.0178534 -8.54711e-17
4.86608e+10 -0.122803 0.0176173 -7.83485e-17
4.86924e+10 -0.12263 0.0173812 -7.83485e-17
4.87239e+10 -0.122456 0.0171449 -7.83485e-17
4.87555e+10 -0.122281 0.0169085 -7.83485e-17
4.8787e+10 -0.122105 0.0166719 -7.83485e-17
4.88186e+10 -0.121928 0.0164353 -7.83485e-17
4.88502e+10 -0.121751 0.0161986 -7.83485e-17
4.88817e+10 -0.121572 0.0159617 -7.83485e-17
4.89133e+10 -0.121393 0.0157247 -8.54711e-17
4.89448e+10 -0.121213 0.0154877 -8.54711e-17
4.89764e+10 -0.121032 0.0152505 -7.83485e-17
4.90079e+10 -0.12085 0.0150132 -7.83485e-17
4.90395e+10 -0.120668 0.0147758 -7.83485e-17
4.90711e+10 -0.120484 0.0145383 -7.12259e-17
4.91026e+10 -0.1203 0.0143007 -7.83485e-17
4.91342e+10 -0.120115 0.014063 -7.83485e-17
4.91657e+10 -0.119929 0.0138252 -7.12259e-17
4.91973e+10 -0.119742 0.0135873 -7.83485e-17
4.92288e+10 -0.119554 0.0133493 -8.54711e-17
4.92604e+10 -0.119366 0.0131112 -7.83485e-17
4.9292e+10 -0.119176 0.012873 -8.54711e-17
4.93235e+10 -0.118986 0.0126347 -8.54711e-17
4.93551e+10 -0.118795 0.0123963 -9.97163e-17
4.93866e+10 -0.118603 0.0121578 -8.54711e-17
4.94182e+10 -0.11841 0.0119193 -7.83485e-17
4.94497e+10 -0.118216 0.0116806 -8.54711e-17
4.94813e+10 -0.118021 0.0114418 -7.83485e-17
4.95129e+10 -0.117825 0.011203 -7.12259e-17
4.95444e+10 -0.117629 0.0109641 -8.54711e-17
4.9576e+10 -0.117431 0.0107251 -7.83485e-17
4.96075e+10 -0.117233 0.010486 -7.12259e-17
4.96391e+10 -0.117033 0.0102468 -5.69807e-17
4.96706e+10 -0.116833 0.0100076 -7.12259e-17
4.97022e+10 -0.116632 0.00976826 -7.12259e-17
4.97338e+10 -0.11643 0.00952886 -5.69807e-17
4.97653e+10 -0.116227 0.00928938 -6.41033e-17
4.97969e+10 -0.116023 0.00904982 -6.41033e-17
4.98284e+10 -0.115818 0.00881019 -6.41033e-17
4.986e+10 -0.115612 0.00857049 -6.41033e-17
4.98915e+10 -0.115406 0.00833073 -4.98581e-17
4.99231e+10 -0.115198 0.00809089 -5.69807e-17
4.99547e+10 -0.114989 0.00785099 -4.98581e-17
4.99862e+10 -0.11478 0.00761102 -4.98581e-17
5.00178e+10 -0.114569 0.00737099 -4.98581e-17
5.00493e+10 -0.114358 0.00713089 -4.98581e-17
5.00809e+10 -0.114145 0.00689074 -4.98581e-17
5.01124e+10 -0.113932 0.00665053 -6.41033e-17
5.0144e+10 -0.113717 0.00641026 -5.69807e-17
5.01756e+10 -0.113502 0.00616993 -4.98581e-17
5.02071e+10 -0.113286 0.00592956 -6.41033e-17
5.02387e+10 -0.113068 0.00568913 -5.69807e-17
5.02702e+10 -0.11285 0.00544865 -5.69807e-17
5.03018e+10 -0.112631 0.00520812 -6.41033e-17
5.03333e+10 -0.11241 0.00496755 -5.69807e-17
5.03649e+10 -0.112189 0.00472693 -4.98581e-17
5.03965e+10 -0.111967 0.00448628 -3.5613e-17
5.0428e+10 -0.111743 0.00424558 -3.5613e-17
5.04596e+10 -0.111519 0.00400484 -4.27356e-17
5.04911e+10 -0.111294 0.00376406 -4.27356e-17
5.05227e+10 -0.111067 0.00352325 -4.27356e-17
5.05542e+10 -0.11084 0.00328241 -4.98581e-17
5.05858e+10 -0.110611 0.00304154 -4.98581e-17
5.06174e+10 -0.110382 0.00280064 -4.27356e-17
5.06489e+10 -0.110151 0.00255971 -5.69807e-17
5.06805e+10 -0.10992 0.00231876 -4.98581e-17
5.0712e+10 -0.109687 0.00207779 -5.69807e-17
5.07436e+10 -0.109453 0.0018368 -4.98581e-17
5.07751e+10 -0.109219 0.00159578 -4.98581e-17
5.08067e+10 -0.108983 0.00135476 -5.69807e-17
5.08382e+10 -0.108746 0.00111372 -6.41033e-17
5.08698e+10 -0.108508 0.000872667 -6.41033e-17
5.09014e+10 -0.108269 0.000631608 -5.69807e-17
5.09329e+10 -0.108029 0.000390542 -5.69807e-17
5.09645e+10 -0.107788 0.000149472 -6.41033e-17
5.0996e+10 -0.107545 -9.15993e-05 -5.69807e-17
5.10276e+10 -0.107302 -0.00033267 -6.41033e-17
5.10591e+10 -0.107058 -0.000573737 -6.41033e-17
5.10907e+10 -0.106812 -0.000814797 -7.12259e-17
5.11223e+10 -0.106565 -0.00105585 -6.41033e-17
5.11538e+10 -0.106318 -0.00129689 -6.41033e-17
5.11854e+10 -0.106069 -0.00153792 -6.41033e-17
5.12169e+10 -0.105819 -0.00177893 -6.41033e-17
5.12485e+10 -0.105567 -0.00201992 -5.69807e-17
5.128e+10 -0.105315 -0.00226089 -4.98581e-17
5.13116e+10 -0.105062 -0.00250184 -5.69807e-17
5.13432e+10 -0.104807 -0.00274276 -4.98581e-17
5.13747e+10 -0.104551 -0.00298365 -5.69807e-17
5.14063e+10 -0.104294 -0.0032245 -5.69807e-17
5.14378e+10 -0.104036 -0.00346532 -4.98581e-17
5.14694e+10 -0.103777 -0.0037061 -5.69807e-17
5.15009e+10 -0.103516 -0.00394684 -4.98581e-17
5.15325e+10 -0.103255 -0.00418753 -4.98581e-17
5.15641e+10 -0.102992 -0.00442818 -4.27356e-17
5.15956e+10 -0.102728 -0.00466877 -4.98581e-17
5.16272e+10 -0.102463 -0.00490931 -4.27356e-17
5.16587e+10 -0.102196 -0.00514979 -4.27356e-17
5.16903e+10 -0.101929 -0.00539022 -5.69807e-17
5.17218e+10 -0.10166 -0.00563057 -4.27356e-17
5.17534e+10 -0.10139 -0.00587086 -4.98581e-17
5.1785e+10 -0.101119 -0.00611108 -4.98581e-17
5.18165e+10 -0.100846 -0.00635122 -5.69807e-17
5.18481e+10 -0.100572 -0.00659129 -4.27356e-17
5.18796e+10 -0.100297 -0.00683127 -6.41033e-17
5.19112e+10 -0.100021 -0.00707117 -4.98581e-17
5.19427e+10 -0.0997436 -0.00731098 -5.69807e-17
5.19743e+10 -0.0994649 -0.0075507 -4.98581e-17
5.20059e+10 -0.0991848 -0.00779032 -6.41033e-17
5.20374e+10 -0.0989035 -0.00802984 -5.69807e-17
5.2069e+10 -0.0986209 -0.00826925 -5.69807e-17
5.21005e+10 -0.098337 -0.00850856 -6.41033e-17
5.21321e+10 -0.0980518 -0.00874775 -6.41033e-17
5.21636e+10 -0.0977653 -0.00898683 -6.41033e-17
5.21952e+10 -0.0974775 -0.00922579 -5.69807e-17
5.22268e+10 -0.0971884 -0.00946462 -5.69807e-17
5.22583e+10 -0.096898 -0.00970333 -6.41033e-17
5.22899e+10 -0.0966062 -0.0099419 -5.69807e-17
5.23214e+10 -0.0963131 -0.0101803 -5.69807e-17
5.2353e+10 -0.0960186 -0.0104186 -4.98581e-17
5.23845e+10 -0.0957228 -0.0106568 -5.69807e-17
5.24161e+10 -0.0954256 -0.0108948 -5.69807e-17
5.24477e+10 -0.0951271 -0.0111326 -5.69807e-17
5.24792e+10 -0.0948272 -0.0113703 -4.98581e-17
5.25108e+10 -0.0945259 -0.0116078 -5.69807e-17
5.25423e+10 -0.0942232 -0.0118451 -5.69807e-17
5.25739e+10 -0.0939191 -0.0120823 -5.69807e-17
5.26054e+10 -0.0936137 -0.0123193 -4.98581e-17
5.2637e+10 -0.0933068 -0.0125561 -4.98581e-17
5.26686e+10 -0.0929985 -0.0127927 -4.98581e-17
5.27001e+10 -0.0926887 -0.0130291 -4.98581e-17
5.27317e+10 -0.0923776 -0.0132653 -5.69807e-17
5.27632e+10 -0.092065 -0.0135013 -4.98581e-17
5.27948e+10 -0.0917509 -0.0137371 -4.98581e-17
5.28263e+10 -0.0914354 -0.0139727 -4.98581e-17
5.28579e+10 -0.0911184 -0.014208 -4.98581e-17
5.28895e+10 -0.0908 -0.0144432 -4.27356e-17
5.2921e+10 -0.09048 -0.014678 -4.27356e-17
5.29526e+10 -0.0901586 -0.0149127 -4.98581e-17
5.29841e+10 -0.0898357 -0.0151471 -4.98581e-17
5.30157e+10 -0.0895112 -0.0153812 -4.62968e-17
5.30472e+10 -0.0891853 -0.0156151 -4.98581e-17
5.30788e+10 -0.0888578 -0.0158487 -3.91743e-17
5.31104e+10 -0.0885288 -0.016082 -4.27356e-17
5.31419e+10 -0.0881983 -0.0163151 -4.27356e-17
5.31735e+10 -0.0878662 -0.0165479 -3.5613e-17
5.3205e+10 -0.0875325 -0.0167804 -4.27356e-17
5.32366e+10 -0.0871973 -0.0170125 -3.91743e-17
5.32681e+10 -0.0868605 -0.0172444 -4.27356e-17
5.32997e+10 -0.0865221 -0.017476 -4.27356e-17
5.33312e+10 -0.0861822 -0.0177072 -3.91743e-17
5.33628e+10 -0.0858406 -0.0179381 -4.62968e-17
5.33944e+10 -0.0854974 -0.0181687 -4.62968e-17
5.34259e+10 -0.0851526 -0.0183989 -4.62968e-17
5.34575e+10 -0.0848061 -0.0186288 -4.27356e-17
5.3489e+10 -0.084458 -0.0188583 -4.62968e-17
5.35206e+10 -0.0841083 -0.0190874 -4.62968e-17
5.35521e+10 -0.0837568 -0.0193162 -4.62968e-17
5.35837e+10 -0.0834037 -0.0195445 -4.62968e-17
5.36153e+10 -0.083049 -0.0197725 -4.62968e-17
5.36468e+10 -0.0826925 -0.0200001 -4.62968e-17
5.36784e+10 -0.0823343 -0.0202273 -4.98581e-17
5.37099e+10 -0.0819745 -0.020454 -4.62968e-17
5.37415e+10 -0.0816129 -0.0206803 -4.62968e-17
5.3773e+10 -0.0812495 -0.0209062 -4.27356e-17
5.38046e+10 -0.0808844 -0.0211316 -3.91743e-17
5.38362e+10 -0.0805176 -0.0213566 -3.91743e-17
5.38677e+10 -0.080149 -0.0215811 -3.91743e-17
5.38993e+10 -0.0797786 -0.0218051 -3.91743e-17
5.39308e+10 -0.0794064 -0.0220286 -3.5613e-17
5.39624e+10 -0.0790325 -0.0222517 -4.27356e-17
5.39939e+10 -0.0786567 -0.0224742 -3.20517e-17
5.40255e+10 -0.0782791 -0.0226962 -3.91743e-17
5.40571e+10 -0.0778996 -0.0229177 -3.20517e-17
5.40886e+10 -0.0775183 -0.0231386 -2.84904e-17
5.41202e+10 -0.0771352 -0.023359 -2.84904e-17
5.41517e+10 -0.0767502 -0.0235788 -2.84904e-17
5.41833e+10 -0.0763633 -0.023798 -3.20517e-17
5.42148e+10 -0.0759745 -0.0240166 -2.49291e-17
5.42464e+10 -0.0755838 -0.0242347 -3.5613e-17
5.4278e+10 -0.0751912 -0.0244521 -2.84904e-17
5.43095e+10 -0.0747967 -0.0246689 -2.84904e-17
5.43411e+10 -0.0744002 -0.024885 -2.49291e-17
5.43726e+10 -0.0740018 -0.0251005 -2.49291e-17
5.44042e+10 -0.0736014 -0.0253154 -2.13678e-17
5.44357e+10 -0.073199 -0.0255295 -2.13678e-17
5.44673e+10 -0.0727946 -0.025743 -2.13678e-17
5.44989e+10 -0.0723882 -0.0259557 -2.13678e-17
5.45304e+10 -0.0719798 -0.0261677 -2.13678e-17
5.4562e+10 -0.0715694 -0.026379 -2.13678e-17
5.45935e+10 -0.0711569 -0.0265896 -2.49291e-17
5.46251e+10 -0.0707424 -0.0267993 -2.13678e-17
5.46566e+10 -0.0703258 -0.0270083 -1.78065e-17
5.46882e+10 -0.0699071 -0.0272165 -1.42452e-17
5.47198e+10 -0.0694863 -0.0274238 -1.78065e-17
5.47513e+10 -0.0690634 -0.0276304 -1.42452e-17
5.47829e+10 -0.0686384 -0.027836 -1.78065e-17
5.48144e+10 -0.0682112 -0.0280408 -1.78065e-17
5.4846e+10 -0.0677819 -0.0282447 -1.78065e-17
5.48775e+10 -0.0673504 -0.0284478 -1.42452e-17
5.49091e+10 -0.0669167 -0.0286498 -1.42452e-17
5.49407e+10 -0.0664808 -0.028851 -1.78065e-17
5.49722e+10 -0.0660427 -0.0290512 -1.06839e-17
5.50038e+10 -0.0656023 -0.0292504 -1.06839e-17
5.50353e+10 -0.0651598 -0.0294486 -1.42452e-17
5.50669e+10 -0.0647149 -0.0296458 -7.12259e-18
5.50984e+10 -0.0642678 -0.0298419 -7.12259e-18
5.513e+10 -0.0638184 -0.030037 -1.06839e-17
5.51616e+10 -0.0633667 -0.030231 -1.42452e-17
5.51931e+10 -0.0629126 -0.0304238 -1.06839e-17
5.52247e+10 -0.0624562 -0.0306156 -7.12259e-18
5.52562e+10 -0.0619975 -0.0308062 -3.5613e-18
5.52878e+10 -0.0615364 -0.0309956 -7.12259e-18
5.53193e+10 -0.0610729 -0.0311838 -8.90324e-18
5.53509e+10 -0.060607 -0.0313708 -1.42452e-17
5.53825e+10 -0.0601387 -0.0315565 -5.34194e-18
5.5414e+10 -0.059668 -0.031741 -7.12259e-18
5.54456e+10 -0.0591948 -0.0319242 -8.90324e-18
5.54771e+10 -0.0587191 -0.032106 -7.12259e-18
5.55087e+10 -0.058241 -0.0322865 -7.12259e-18
5.55402e+10 -0.0577603 -0.0324655 -3.5613e-18
5.55718e+10 -0.0572772 -0.0326432 -5.34194e-18
5.56033e+10 -0.0567915 -0.0328194 0
5.56349e+10 -0.0563032 -0.0329942 0
5.56665e+10 -0.0558124 -0.0331674 3.5613e-18
5.5698e+10 -0.055319 -0.0333391 5.34194e-18
5.57296e+10 -0.054823 -0.0335092 1.78065e-18
5.57611e+10 -0.0543243 -0.0336778 3.5613e-18
5.57927e+10 -0.0538231 -0.0338447 3.5613e-18
5.58242e+10 -0.0533191 -0.0340099 8.90324e-18
5.58558e+10 -0.0528125 -0.0341734 5.34194e-18
5.58874e+10 -0.0523032 -0.0343352 7.12259e-18
5.59189e+10 -0.0517912 -0.0344952 1.24645e-17
5.59505e+10 -0.0512765 -0.0346534 1.06839e-17
5.5982e+10 -0.050759 -0.0348097 8.90324e-18
5.60136e+10 -0.0502388 -0.0349641 1.24645e-17
5.60451e+10 -0.0497158 -0.0351166 7.12259e-18
5.60767e+10 -0.04919 -0.0352671 7.12259e-18
5.61083e+10 -0.0486613 -0.0354157 1.06839e-17
5.61398e+10 -0.0481299 -0.0355621 8.90324e-18
5.61714e+10 -0.0475956 -0.0357064 1.06839e-17
5.62029e+10 -0.0470584 -0.0358486 1.06839e-17
5.62345e+10 -0.0465183 -0.0359886 8.90324e-18
5.6266e+10 -0.0459754 -0.0361264 8.90324e-18
5.62976e+10 -0.0454295 -0.0362618 7.12259e-18
5.63292e+10 -0.0448807 -0.036395 8.01292e-18
5.63607e+10 -0.044329 -0.0365257 8.01292e-18
5.63923e+10 -0.0437742 -0.036654 6.23227e-18
5.64238e+10 -0.0432165 -0.0367798 9.79356e-18
5.64554e+10 -0.0426558 -0.036903 7.12259e-18
5.64869e+10 -0.0420921 -0.0370236 8.90324e-18
5.65185e+10 -0.0415254 -0.0371416 8.90324e-18
5.65501e+10 -0.0409556 -0.0372568 8.01292e-18
5.65816e+10 -0.0403827 -0.0373693 9.79356e-18
5.66132e+10 -0.0398068 -0.0374789 8.90324e-18
5.66447e+10 -0.0392278 -0.0375856 9.79356e-18
5.66763e+10 -0.0386456 -0.0376893 1.24645e-17
5.67078e+10 -0.0380604 -0.03779 1.06839e-17
5.67394e+10 -0.037472 -0.0378875 1.06839e-17
5.6771e+10 -0.0368805 -0.0379819 1.33549e-17
5.68025e+10 -0.0362859 -0.0380731 1.24645e-17
5.68341e+10 -0.0356881 -0.0381609 1.29097e-17
5.68656e+10 -0.0350871 -0.0382454 1.20194e-17
5.68972e+10 -0.0344829 -0.0383263 1.38e-17
5.69287e+10 -0.0338755 -0.0384038 1.51355e-17
5.69603e+10 -0.0332649 -0.0384776 1.38e-17
5.69919e+10 -0.0326512 -0.0385476 1.6471e-17
5.70234e+10 -0.0320342 -0.0386139 1.58033e-17
5.7055e+10 -0.031414 -0.0386764 1.75839e-17
5.70865e+10 -0.0307905 -0.0387348 1.80291e-17
5.71181e+10 -0.0301639 -0.0387892 1.80291e-17
5.71496e+10 -0.029534 -0.0388395 1.78065e-17
5.71812e+10 -0.0289009 -0.0388855 1.87524e-17
5.72128e+10 -0.0282646 -0.0389271 1.88637e-17
5.72443e+10 -0.027625 -0.0389644 1.87803e-17
5.72759e+10 -0.0269823 -0.0389971 1.88637e-17
5.73074e+10 -0.0263363 -0.0390251 2.01436e-17
5.7339e+10 -0.0256871 -0.0390485 2.07e-17
5.73705e+10 -0.0250348 -0.0390669 2.07e-17
5.74021e+10 -0.0243792 -0.0390804 2.09226e-17
5.74337e+10 -0.0237205 -0.0390889 2.27033e-17
5.74652e+10 -0.0230587 -0.0390921 2.24807e-17
5.74968e+10 -0.0223937 -0.0390901 2.31484e-17
5.75283e+10 -0.0217256 -0.0390826 2.49291e-17
5.75599e+10 -0.0210545 -0.0390696 2.40387e-17
5.75914e+10 -0.0203802 -0.0390509 2.49291e-17
5.7623e+10 -0.019703 -0.0390264 2.49291e-17
5.76546e+10 -0.0190228 -0.038996 2.62646e-17
5.76861e+10 -0.0183396 -0.0389595 2.62646e-17
5.77177e+10 -0.0176535 -0.0389169 2.58194e-17
5.77492e+10 -0.0169645 -0.0388679 2.58194e-17
5.77808e+10 -0.0162727 -0.0388125 2.58194e-17
5.78123e+10 -0.0155781 -0.0387504 2.67097e-17
5.78439e+10 -0.0148809 -0.0386816 2.67097e-17
5.78754e+10 -0.0141809 -0.038606 2.67097e-17
5.7907e+10 -0.0134784 -0.0385232 2.76e-17
5.79386e+10 -0.0127734 -0.0384333 2.67097e-17
5.79701e+10 -0.0120659 -0.0383361 2.67097e-17
5.80017e+10 -0.0113561 -0.0382314 2.76e-17
5.80332e+10 -0.010644 -0.038119 2.84904e-17
5.80648e+10 -0.00992976 -0.0379988 2.84904e-17
5.80963e+10 -0.00921341 -0.0378707 2.67097e-17
5.81279e+10 -0.00849509 -0.0377344 2.76e-17
5.81595e+10 -0.00777491 -0.0375899 2.76e-17
5.8191e+10 -0.00705298 -0.037437 2.84904e-17
5.82226e+10 -0.00632944 -0.0372754 3.0271e-17
5.82541e+10 -0.00560441 -0.0371051 2.67097e-17
5.82857e+10 -0.00487803 -0.0369259 3.0271e-17
5.83172e+10 -0.00415046 -0.0367377 3.0271e-17
5.83488e+10 -0.00342184 -0.0365402 3.0271e-17
5.83804e+10 -0.00269235 -0.0363334 3.0271e-17
5.84119e+10 -0.00196215 -0.036117 2.84904e-17
5.84435e+10 -0.00123143 -0.0358909 3.0271e-17
5.8475e+10 -0.000500371 -0.0356551 3.0271e-17
5.85066e+10 0.00023083 -0.0354092 3.20517e-17
5.85381e+10 0.000961965 -0.0351532 3.0271e-17
5.85697e+10 0.00169282 -0.034887 3.38323e-17
5.86013e+10 0.00242317 -0.0346104 3.38323e-17
5.86328e+10 0.00315278 -0.0343233 3.38323e-17
5.86644e+10 0.00388142 -0.0340255 3.20517e-17
5.86959e+10 0.00460883 -0.033717 3.5613e-17
5.87275e+10 0.00533476 -0.0333976 3.5613e-17
5.8759e+10 0.00605894 -0.0330673 3.5613e-17
5.87906e+10 0.00678109 -0.032726 3.5613e-17
5.88222e+10 0.00750095 -0.0323735 3.5613e-17
5.88537e+10 0.00821821 -0.0320099 3.20517e-17
5.88853e+10 0.00893258 -0.031635 3.5613e-17
5.89168e+10 0.00964376 -0.0312488 3.5613e-17
5.89484e+10 0.0103514 -0.0308513 3.38323e-17
5.89799e+10 0.0110553 -0.0304424 3.38323e-17
5.90115e+10 0.0117551 -0.0300222 3.5613e-17
5.90431e+10 0.0124504 -0.0295906 3.38323e-17
5.90746e+10 0.0131409 -0.0291476 3.38323e-17
5.91062e+10 0.0138263 -0.0286934 3.5613e-17
5.91377e+10 0.0145063 -0.0282278 3.5613e-17
5.91693e+10 0.0151806 -0.0277511 3.5613e-17
5.92008e+10 0.0158487 -0.0272633 3.5613e-17
5.92324e+10 0.0165105 -0.0267644 3.5613e-17
5.9264e+10 0.0171655 -0.0262546 3.5613e-17
5.92955e+10 0.0178134 -0.025734 3.5613e-17
5.93271e+10 0.018454 -0.0252028 3.5613e-17
5.93586e+10 0.019087 -0.0246611 3.73936e-17
5.93902e+10 0.0197119 -0.0241091 3.5613e-17
5.94217e+10 0.0203285 -0.0235469 3.5613e-17
5.94533e+10 0.0209366 -0.0229749 3.38323e-17
5.94849e+10 0.0215359 -0.0223931 3.20517e-17
5.95164e+10 0.022126 -0.0218019 3.20517e-17
5.9548e+10 0.0227068 -0.0212014 3.0271e-17
5.95795e+10 0.023278 -0.020592 2.84904e-17
5.96111e+10 0.0238393 -0.0199738 3.0271e-17
5.96426e+10 0.0243906 -0.0193473 2.67097e-17
5.96742e+10 0.0249316 -0.0187126 2.84904e-17
5.97058e+10 0.0254622 -0.01807 2.49291e-17
5.97373e+10 0.0259822 -0.01742 2.67097e-17
5.97689e+10 0.0264914 -0.0167627 2.49291e-17
5.98004e+10 0.0269897 -0.0160985 2.49291e-17
5.9832e+10 0.027477 -0.0154278 2.67097e-17
5.98635e+10 0.0279531 -0.0147508 2.49291e-17
5.98951e+10 0.028418 -0.0140678 2.13678e-17
5.99267e+10 0.0288716 -0.0133793 2.13678e-17
5.99582e+10 0.0293139 -0.0126855 2.13678e-17
5.99898e+10 0.0297447 -0.0119868 1.78065e-17
6.00213e+10 0.0301641 -0.0112834 1.78065e-17
6.00529e+10 0.030572 -0.0105758 1.95871e-17
6.00844e+10 0.0309685 -0.00986422 1.95871e-17
6.0116e+10 0.0313536 -0.00914899 1.78065e-17
6.01476e+10 0.0317272 -0.00843042 1.95871e-17
6.01791e+10 0.0320895 -0.00770883 2.13678e-17
6.02107e+10 0.0324404 -0.00698453 2.13678e-17
6.02422e+10 0.0327801 -0.00625779 2.13678e-17
6.02738e+10 0.0331086 -0.00552893 1.78065e-17
6.03053e+10 0.0334259 -0.0047982 2.13678e-17
6.03369e+10 0.0337323 -0.0040659 2.13678e-17
6.03684e+10 0.0340278 -0.00333228 1.78065e-17
6.04e+10 0.0343125 -0.00259761 2.13678e-17
6.04316e+10 0.0345864 -0.00186212 1.60258e-17
6.04631e+10 0.0348499 -0.00112607 1.60258e-17
6.04947e+10 0.0351029 -0.000389683 1.78065e-17
6.05262e+10 0.0353456 0.000346821 1.78065e-17
6.05578e+10 0.0355782 0.00108322 1.95871e-17
6.05893e+10 0.0358007 0.00181932 1.60258e-17
6.06209e+10 0.0360134 0.00255492 1.42452e-17
6.06525e+10 0.0362164 0.00328983 1.42452e-17
6.0684e+10 0.0364098 0.00402388 1.06839e-17
6.07156e+10 0.0365939 0.00475688 1.24645e-17
6.07471e+10 0.0367687 0.00548868 1.24645e-17
6.07787e+10 0.0369344 0.00621913 1.06839e-17
6.08102e+10 0.0370912 0.00694808 1.06839e-17
6.08418e+10 0.0372393 0.00767539 1.24645e-17
6.08734e+10 0.0373788 0.00840093 1.42452e-17
6.09049e+10 0.0375098 0.00912457 1.24645e-17
6.09365e+10 0.0376326 0.0098462 1.42452e-17
6.0968e+10 0.0377473 0.0105657 1.06839e-17
6.09996e+10 0.037854 0.011283 1.06839e-17
6.10311e+10 0.0379529 0.011998 1.24645e-17
6.10627e+10 0.0380442 0.0127105 1.24645e-17
6.10943e+10 0.038128 0.0134206 1.06839e-17
6.11258e+10 0.0382045 0.014128 1.06839e-17
6.11574e+10 0.0382738 0.0148329 1.24645e-17
6.11889e+10 0.0383361 0.015535 1.06839e-17
6.12205e+10 0.0383915 0.0162343 1.24645e-17
6.1252e+10 0.0384402 0.0169307 1.24645e-17
6.12836e+10 0.0384823 0.0176243 1.24645e-17
6.13152e+10 0.038518 0.018315 1.24645e-17
6.13467e+10 0.0385474 0.0190026 1.06839e-17
6.13783e+10 0.0385707 0.0196872 1.06839e-17
6.14098e+10 0.0385879 0.0203687 1.06839e-17
6.14414e+10 0.0385992 0.0210471 7.12259e-18
6.14729e+10 0.0386047 0.0217224 8.90324e-18
6.15045e+10 0.0386047 0.0223945 1.06839e-17
6.15361e+10 0.0385991 0.0230634 8.90324e-18
6.15676e+10 0.0385881 0.0237291 8.90324e-18
6.15992e+10 0.0385719 0.0243916 8.90324e-18
6.16307e+10 0.0385505 0.0250508 1.06839e-17
6.16623e+10 0.0385241 0.0257067 8.90324e-18
6.16938e+10 0.0384927 0.0263593 9.79356e-18
6.17254e+10 0.0384566 0.0270087 7.12259e-18
6.1757e+10 0.0384158 0.0276548 7.12259e-18
6.17885e+10 0.0383703 0.0282975 5.34194e-18
6.18201e+10 0.0383204 0.0289369 4.45162e-18
6.18516e+10 0.0382661 0.0295731 3.5613e-18
6.18832e+10 0.0382075 0.0302059 2.67097e-18
6.19147e+10 0.0381447 0.0308353 3.5613e-18
6.19463e+10 0.0380778 0.0314615 8.90324e-19
6.19779e+10 0.0380069 0.0320844 8.90324e-19
6.20094e+10 0.037932 0.0327039 -8.90324e-19
6.2041e+10 0.0378534 0.0333202 -8.90324e-19
6.20725e+10 0.037771 0.0339332 -8.90324e-19
6.21041e+10 0.0376849 0.0345428 -1.78065e-18
6.21356e+10 0.0375953 0.0351492 -3.5613e-18
6.21672e+10 0.0375022 0.0357523 -1.78065e-18
6.21988e+10 0.0374056 0.0363522 -1.78065e-18
6.22303e+10 0.0373057 0.0369488 -1.78065e-18
6.22619e+10 0.0372025 0.0375422 0
6.22934e+10 0.0370962 0.0381323 -8.90324e-19
6.2325e+10 0.0369867 0.0387193 -2.67097e-18
6.23565e+10 0.0368741 0.039303 -1.78065e-18
6.23881e+10 0.0367586 0.0398836 -4.45162e-18
6.24197e+10 0.0366402 0.040461 -5.34194e-18
6.24512e+10 0.0365189 0.0410352 -4.45162e-18
6.24828e+10 0.0363947 0.0416063 -4.00646e-18
6.25143e+10 0.0362679 0.0421742 -3.5613e-18
6.25459e+10 0.0361384 0.0427391 -6.23227e-18
6.25774e+10 0.0360063 0.0433009 -7.56775e-18
6.2609e+10 0.0358716 0.0438596 -7.56775e-18
6.26405e+10 0.0357344 0.0444152 -8.90324e-18
6.26721e+10 0.0355948 0.0449678 -9.12582e-18
6.27037e+10 0.0354528 0.0455173 -8.90324e-18
6.27352e+10 0.0353084 0.0460639 -9.45969e-18
6.27668e+10 0.0351617 0.0466075 -1.10178e-17
6.27983e+10 0.0350129 0.0471481 -1.20194e-17
6.28299e+10 0.0348618 0.0476857 -1.06282e-17
6.28614e+10 0.0347085 0.0482204 -1.36331e-17
6.2893e+10 0.0345532 0.0487522 -1.46764e-17
6.29246e+10 0.0343958 0.0492812 -1.61371e-17
6.29561e+10 0.0342364 0.0498072 -1.59145e-17
6.29877e+10 0.0340751 0.0503303 -1.38e-17
6.30192e+10 0.0339118 0.0508507 -1.31323e-17
6.30508e+10 0.0337466 0.0513681 -1.60258e-17
6.30823e+10 0.0335796 0.0518828 -1.58033e-17
6.31139e+10 0.0334108 0.0523947 -1.35774e-17
6.31455e+10 0.0332402 0.0529039 -1.33549e-17
6.3177e+10 0.0330679 0.0534102 -1.33549e-17
6.32086e+10 0.0328938 0.0539139 -1.46903e-17
6.32401e+10 0.0327182 0.0544148 -1.38e-17
6.32717e+10 0.0325409 0.0549131 -1.38e-17
6.33032e+10 0.032362 0.0554086 -1.29097e-17
6.33348e+10 0.0321816 0.0559015 -1.29097e-17
6.33664e+10 0.0319997 0.0563918 -1.38e-17
6.33979e+10 0.0318162 0.0568794 -1.46903e-17
